
 Step 1 Load 0.2

Backend QtAgg is interactive backend. Turning interactive mode on.
[[1. 0.]
 [0. 1.]]
[[1. 0.]
 [0. 1.]]
[[1. 0.]
 [0. 1.]]
[[1. 0.]
 [0. 1.]]
Iteration number 1 Correction 1.0 Residual 0.05303300858899107 tolerance 0.0001
[[ 1.16451613e+00 -3.46944695e-17]
 [ 6.93889390e-18  8.64516129e-01]]
[[ 1.16451613e+00 -5.55111512e-17]
 [ 6.93889390e-18  8.64516129e-01]]
[[ 1.16451613e+00 -3.46944695e-17]
 [ 0.00000000e+00  8.64516129e-01]]
[[ 1.16451613e+00 -5.55111512e-17]
 [ 0.00000000e+00  8.64516129e-01]]
Iteration number 2 Correction 0.15715044545114668 Residual 0.0324421010907485 tolerance 0.0001
[[ 1.20283265e+00  0.00000000e+00]
 [-3.46944695e-18  8.57480326e-01]]
[[ 1.20283265e+00 -2.77555756e-17]
 [-3.46944695e-18  8.57480326e-01]]
[[1.20283265 0.        ]
 [0.         0.85748033]]
[[ 1.20283265e+00 -2.77555756e-17]
 [ 0.00000000e+00  8.57480326e-01]]
Iteration number 3 Correction 0.033640697484135174 Residual 0.001530903913182535 tolerance 0.0001
[[ 1.21006334e+00 -6.93889390e-18]
 [ 0.00000000e+00  8.52770090e-01]]
[[ 1.21006334e+00 -2.77555756e-17]
 [ 0.00000000e+00  8.52770090e-01]]
[[ 1.21006334e+00 -6.93889390e-18]
 [ 0.00000000e+00  8.52770090e-01]]
[[ 1.21006334e+00 -2.77555756e-17]
 [ 0.00000000e+00  8.52770090e-01]]
Iteration number 4 Correction 0.0058676651088524915 Residual 0.00034334357875659714 tolerance 0.0001
[[ 1.21137693e+00 -6.93889390e-18]
 [ 0.00000000e+00  8.52017251e-01]]
[[ 1.21137693e+00 -2.77555756e-17]
 [ 0.00000000e+00  8.52017251e-01]]
[[ 1.21137693e+00 -6.93889390e-18]
 [ 0.00000000e+00  8.52017251e-01]]
[[ 1.21137693e+00 -2.77555756e-17]
 [ 0.00000000e+00  8.52017251e-01]]
Iteration number 5 Correction 0.0010751105919112542 Residual 5.818969386097111e-05 tolerance 0.0001
[[ 1.21161610e+00 -6.93889390e-18]
 [ 6.93889390e-18  8.51876107e-01]]
[[1.21161610e+00 0.00000000e+00]
 [6.93889390e-18 8.51876107e-01]]
[[ 1.21161610e+00 -6.93889390e-18]
 [ 2.77555756e-17  8.51876107e-01]]
[[1.21161610e+00 0.00000000e+00]
 [2.77555756e-17 8.51876107e-01]]
Iteration number 6 Correction 0.00019571082373405206 Residual 1.0491655820809046e-05 tolerance 0.0001
[[ 1.21165960e+00 -6.24500451e-17]
 [ 6.93889390e-18  8.51850339e-01]]
[[ 1.21165960e+00 -2.22044605e-16]
 [ 6.93889390e-18  8.51850339e-01]]
[[ 1.21165960e+00 -6.24500451e-17]
 [ 4.16333634e-17  8.51850339e-01]]
[[ 1.21165960e+00 -2.22044605e-16]
 [ 4.16333634e-17  8.51850339e-01]]
Iteration number 7 Correction 3.5601933471114466e-05 Residual 1.904939616564429e-06 tolerance 0.0001

 Step 2 Load 0.4

[[ 1.21166752e+00  2.77555756e-17]
 [-4.85722573e-17  8.51845649e-01]]
[[ 1.21166752e+00  1.11022302e-16]
 [-4.85722573e-17  8.51845649e-01]]
[[ 1.21166752e+00  2.77555756e-17]
 [-1.80411242e-16  8.51845649e-01]]
[[ 1.21166752e+00  1.11022302e-16]
 [-1.80411242e-16  8.51845649e-01]]
Iteration number 1 Correction 0.49824234075278095 Residual 0.053033354948591356 tolerance 0.0001
[[1.43204590e+00 0.00000000e+00]
 [7.63278329e-17 7.21204389e-01]]
[[ 1.43204590e+00 -5.55111512e-17]
 [ 7.63278329e-17  7.21204389e-01]]
[[1.43204590e+00 0.00000000e+00]
 [2.49800181e-16 7.21204389e-01]]
[[ 1.43204590e+00 -5.55111512e-17]
 [ 2.49800181e-16  7.21204389e-01]]
Iteration number 2 Correction 0.14023592146987232 Residual 0.051106020135888434 tolerance 0.0001
[[ 1.51366308e+00 -9.71445147e-17]
 [ 2.77555756e-17  7.06202635e-01]]
[[ 1.51366308e+00 -2.77555756e-16]
 [ 2.77555756e-17  7.06202635e-01]]
[[ 1.51366308e+00 -9.71445147e-17]
 [ 8.32667268e-17  7.06202635e-01]]
[[ 1.51366308e+00 -2.77555756e-16]
 [ 8.32667268e-17  7.06202635e-01]]
Iteration number 3 Correction 0.052760053523698794 Residual 0.005659577948668572 tolerance 0.0001
[[ 1.54421784e+00  4.16333634e-17]
 [-1.38777878e-17  6.93886749e-01]]
[[ 1.54421784e+00  1.66533454e-16]
 [-1.38777878e-17  6.93886749e-01]]
[[ 1.54421784e+00  4.16333634e-17]
 [-1.11022302e-16  6.93886749e-01]]
[[ 1.54421784e+00  1.66533454e-16]
 [-1.11022302e-16  6.93886749e-01]]
Iteration number 4 Correction 0.01822059428010458 Residual 0.0023755333982829786 tolerance 0.0001
[[ 1.55513321e+00 -2.77555756e-17]
 [ 2.77555756e-17  6.90004940e-01]]
[[ 1.55513321e+00 -1.11022302e-16]
 [ 2.77555756e-17  6.90004940e-01]]
[[ 1.55513321e+00 -2.77555756e-17]
 [ 8.32667268e-17  6.90004940e-01]]
[[ 1.55513321e+00 -1.11022302e-16]
 [ 8.32667268e-17  6.90004940e-01]]
Iteration number 5 Correction 0.006536986475842534 Residual 0.0007686098971518275 tolerance 0.0001
[[ 1.55906086e+00  0.00000000e+00]
 [-2.77555756e-17  6.88564766e-01]]
[[ 1.55906086e+00  0.00000000e+00]
 [-2.77555756e-17  6.88564766e-01]]
[[ 1.55906086e+00  0.00000000e+00]
 [-8.32667268e-17  6.88564766e-01]]
[[ 1.55906086e+00  0.00000000e+00]
 [-8.32667268e-17  6.88564766e-01]]
Iteration number 6 Correction 0.002346960443027613 Residual 0.00027029401315383525 tolerance 0.0001
[[ 1.56047338e+00 -2.77555756e-17]
 [-2.77555756e-17  6.88044049e-01]]
[[ 1.56047338e+00 -5.55111512e-17]
 [-2.77555756e-17  6.88044049e-01]]
[[ 1.56047338e+00 -2.77555756e-17]
 [-8.32667268e-17  6.88044049e-01]]
[[ 1.56047338e+00 -5.55111512e-17]
 [-8.32667268e-17  6.88044049e-01]]
Iteration number 7 Correction 0.0008437760226336895 Residual 9.640056208262797e-05 tolerance 0.0001
[[ 1.56098148e+00 -4.16333634e-17]
 [ 2.77555756e-17  6.87856287e-01]]
[[ 1.56098148e+00 -1.66533454e-16]
 [ 2.77555756e-17  6.87856287e-01]]
[[ 1.56098148e+00 -4.16333634e-17]
 [ 8.32667268e-17  6.87856287e-01]]
[[ 1.56098148e+00 -1.66533454e-16]
 [ 8.32667268e-17  6.87856287e-01]]
Iteration number 8 Correction 0.0003034959766146348 Residual 3.4574916186934775e-05 tolerance 0.0001
[[ 1.56116427e+00 -2.77555756e-17]
 [-1.38777878e-17  6.87788677e-01]]
[[ 1.56116427e+00 -1.11022302e-16]
 [-1.38777878e-17  6.87788677e-01]]
[[ 1.56116427e+00 -2.77555756e-17]
 [-8.32667268e-17  6.87788677e-01]]
[[ 1.56116427e+00 -1.11022302e-16]
 [-8.32667268e-17  6.87788677e-01]]
Iteration number 9 Correction 0.00010918250738525757 Residual 1.2425510435672759e-05 tolerance 0.0001
[[ 1.56123003e+00 -5.55111512e-17]
 [ 2.77555756e-17  6.87764345e-01]]
[[ 1.56123003e+00 -1.66533454e-16]
 [ 2.77555756e-17  6.87764345e-01]]
[[ 1.56123003e+00 -5.55111512e-17]
 [ 8.32667268e-17  6.87764345e-01]]
[[ 1.56123003e+00 -1.66533454e-16]
 [ 8.32667268e-17  6.87764345e-01]]
Iteration number 10 Correction 3.928077249497339e-05 Residual 4.468692281653451e-06 tolerance 0.0001

 Step 3 Load 0.6

[[ 1.56125370e+00  0.00000000e+00]
 [-2.77555756e-17  6.87755590e-01]]
[[ 1.56125370e+00  0.00000000e+00]
 [-2.77555756e-17  6.87755590e-01]]
[[ 1.56125370e+00  0.00000000e+00]
 [-1.38777878e-16  6.87755590e-01]]
[[ 1.56125370e+00  0.00000000e+00]
 [-1.38777878e-16  6.87755590e-01]]
Iteration number 1 Correction 0.3188185915966776 Residual 0.05303461611955174 tolerance 0.0001
[[1.84212010e+00 5.55111512e-17]
 [4.16333634e-17 5.83816559e-01]]
[[ 1.84212010e+00 -1.11022302e-16]
 [ 4.16333634e-17  5.83816559e-01]]
[[1.84212010e+00 5.55111512e-17]
 [1.66533454e-16 5.83816559e-01]]
[[ 1.84212010e+00 -1.11022302e-16]
 [ 1.66533454e-16  5.83816559e-01]]
Iteration number 2 Correction 0.12355957414742487 Residual 0.06687077724276808 tolerance 0.0001
[[ 1.97254642e+00  1.38777878e-16]
 [-2.77555756e-17  5.66578692e-01]]
[[ 1.97254642e+00  4.44089210e-16]
 [-2.77555756e-17  5.66578692e-01]]
[[ 1.97254642e+00  1.38777878e-16]
 [-1.11022302e-16  5.66578692e-01]]
[[ 1.97254642e+00  4.44089210e-16]
 [-1.11022302e-16  5.66578692e-01]]
Iteration number 3 Correction 0.057956330418220174 Residual 0.010597722335707521 tolerance 0.0001
[[ 2.03627246e+00  0.00000000e+00]
 [-1.38777878e-17  5.51711187e-01]]
[[ 2.03627246e+00  0.00000000e+00]
 [-1.38777878e-17  5.51711187e-01]]
[[ 2.03627246e+00  0.00000000e+00]
 [-5.55111512e-17  5.51711187e-01]]
[[ 2.03627246e+00  0.00000000e+00]
 [-5.55111512e-17  5.51711187e-01]]
Iteration number 4 Correction 0.026275075124302497 Residual 0.005727199469521037 tolerance 0.0001
[[ 2.06611214e+00 -2.77555756e-17]
 [-1.38777878e-17  5.45645159e-01]]
[[ 2.06611214e+00 -2.22044605e-16]
 [-1.38777878e-17  5.45645159e-01]]
[[ 2.06611214e+00 -2.77555756e-17]
 [-5.55111512e-17  5.45645159e-01]]
[[ 2.06611214e+00 -2.22044605e-16]
 [-5.55111512e-17  5.45645159e-01]]
Iteration number 5 Correction 0.012225681206923132 Residual 0.002390469658632158 tolerance 0.0001
[[2.08015394e+00 0.00000000e+00]
 [4.16333634e-17 5.42735098e-01]]
[[2.08015394e+00 0.00000000e+00]
 [4.16333634e-17 5.42735098e-01]]
[[2.08015394e+00 0.00000000e+00]
 [1.11022302e-16 5.42735098e-01]]
[[2.08015394e+00 0.00000000e+00]
 [1.11022302e-16 5.42735098e-01]]
Iteration number 6 Correction 0.005713504062679566 Residual 0.0010923564042160624 tolerance 0.0001
[[ 2.08675318e+00  1.38777878e-16]
 [-2.77555756e-17  5.41367495e-01]]
[[ 2.08675318e+00  5.55111512e-16]
 [-2.77555756e-17  5.41367495e-01]]
[[ 2.08675318e+00  1.38777878e-16]
 [-5.55111512e-17  5.41367495e-01]]
[[ 2.08675318e+00  5.55111512e-16]
 [-5.55111512e-17  5.41367495e-01]]
Iteration number 7 Correction 0.002678326289099812 Residual 0.0005067983128077579 tolerance 0.0001
[[ 2.08985474e+00  0.00000000e+00]
 [-2.77555756e-17  5.40724127e-01]]
[[ 2.08985474e+00  0.00000000e+00]
 [-2.77555756e-17  5.40724127e-01]]
[[ 2.08985474e+00  0.00000000e+00]
 [-1.11022302e-16  5.40724127e-01]]
[[ 2.08985474e+00  0.00000000e+00]
 [-1.11022302e-16  5.40724127e-01]]
Iteration number 8 Correction 0.001257369709370258 Residual 0.00023688302514857725 tolerance 0.0001
[[ 2.09131257e+00  1.38777878e-16]
 [-8.32667268e-17  5.40421570e-01]]
[[ 2.09131257e+00  4.44089210e-16]
 [-8.32667268e-17  5.40421570e-01]]
[[ 2.09131257e+00  1.38777878e-16]
 [-2.77555756e-16  5.40421570e-01]]
[[ 2.09131257e+00  4.44089210e-16]
 [-2.77555756e-16  5.40421570e-01]]
Iteration number 9 Correction 0.0005907040117806876 Residual 0.0001110700078121475 tolerance 0.0001
[[ 2.09199784e+00 -5.55111512e-17]
 [-1.38777878e-17  5.40279312e-01]]
[[ 2.09199784e+00 -1.11022302e-16]
 [-1.38777878e-17  5.40279312e-01]]
[[ 2.09199784e+00 -5.55111512e-17]
 [ 0.00000000e+00  5.40279312e-01]]
[[ 2.09199784e+00 -1.11022302e-16]
 [ 0.00000000e+00  5.40279312e-01]]
Iteration number 10 Correction 0.00027760220986799126 Residual 5.2151246114931355e-05 tolerance 0.0001
[[ 2.09231996e+00  0.00000000e+00]
 [-1.38777878e-17  5.40212431e-01]]
[[ 2.09231996e+00  0.00000000e+00]
 [-1.38777878e-17  5.40212431e-01]]
[[2.09231996 0.        ]
 [0.         0.54021243]]
[[2.09231996 0.        ]
 [0.         0.54021243]]
Iteration number 11 Correction 0.00013048029696152198 Residual 2.4502383106520303e-05 tolerance 0.0001
[[2.09247139 0.        ]
 [0.         0.54018099]]
[[2.09247139 0.        ]
 [0.         0.54018099]]
[[ 2.09247139e+00  0.00000000e+00]
 [-5.55111512e-17  5.40180990e-01]]
[[ 2.09247139e+00  0.00000000e+00]
 [-5.55111512e-17  5.40180990e-01]]
Iteration number 12 Correction 6.133374417196447e-05 Residual 1.1515415322897976e-05 tolerance 0.0001

 Step 4 Load 0.8

[[ 2.09254258e+00 -5.55111512e-17]
 [ 0.00000000e+00  5.40166209e-01]]
[[ 2.09254258e+00 -2.22044605e-16]
 [ 0.00000000e+00  5.40166209e-01]]
[[ 2.09254258e+00 -5.55111512e-17]
 [ 5.55111512e-17  5.40166209e-01]]
[[ 2.09254258e+00 -2.22044605e-16]
 [ 5.55111512e-17  5.40166209e-01]]
Iteration number 1 Correction 0.2210169571239831 Residual 0.05303842124470035 tolerance 0.0001
[[ 2.42047820e+00  5.55111512e-17]
 [-5.55111512e-17  4.72068103e-01]]
[[ 2.42047820e+00  0.00000000e+00]
 [-5.55111512e-17  4.72068103e-01]]
[[ 2.42047820e+00  5.55111512e-17]
 [-1.66533454e-16  4.72068103e-01]]
[[ 2.42047820e+00  0.00000000e+00]
 [-1.66533454e-16  4.72068103e-01]]
Iteration number 2 Correction 0.10204455697520781 Residual 0.0707520925939601 tolerance 0.0001
[[ 2.59136467e+00 -2.77555756e-16]
 [ 4.16333634e-17  4.56402540e-01]]
[[ 2.59136467e+00 -8.88178420e-16]
 [ 4.16333634e-17  4.56402540e-01]]
[[ 2.59136467e+00 -2.77555756e-16]
 [ 1.66533454e-16  4.56402540e-01]]
[[ 2.59136467e+00 -8.88178420e-16]
 [ 1.66533454e-16  4.56402540e-01]]
Iteration number 3 Correction 0.05241406327894226 Residual 0.01445047463580257 tolerance 0.0001
[[2.68350924e+00 1.11022302e-16]
 [0.00000000e+00 4.44419856e-01]]
[[2.68350924e+00 6.66133815e-16]
 [0.00000000e+00 4.44419856e-01]]
[[2.68350924e+00 1.11022302e-16]
 [0.00000000e+00 4.44419856e-01]]
[[2.68350924e+00 6.66133815e-16]
 [0.00000000e+00 4.44419856e-01]]
Iteration number 4 Correction 0.026682235143659038 Residual 0.008259677877692922 tolerance 0.0001
[[ 2.73175679e+00 -5.55111512e-17]
 [-2.77555756e-17  4.38808275e-01]]
[[ 2.73175679e+00  0.00000000e+00]
 [-2.77555756e-17  4.38808275e-01]]
[[ 2.73175679e+00 -5.55111512e-17]
 [-1.11022302e-16  4.38808275e-01]]
[[ 2.73175679e+00  0.00000000e+00]
 [-1.11022302e-16  4.38808275e-01]]
Iteration number 5 Correction 0.013775426808791293 Residual 0.0038898383154207664 tolerance 0.0001
[[ 2.75700564e+00 -5.55111512e-17]
 [ 1.38777878e-17  4.35858997e-01]]
[[ 2.75700564e+00 -2.22044605e-16]
 [ 1.38777878e-17  4.35858997e-01]]
[[ 2.75700564e+00 -5.55111512e-17]
 [ 5.55111512e-17  4.35858997e-01]]
[[ 2.75700564e+00 -2.22044605e-16]
 [ 5.55111512e-17  4.35858997e-01]]
Iteration number 6 Correction 0.0071432952501304225 Residual 0.0019735864741356256 tolerance 0.0001
[[2.77019175e+00 0.00000000e+00]
 [1.38777878e-17 4.34325879e-01]]
[[2.77019175e+00 0.00000000e+00]
 [1.38777878e-17 4.34325879e-01]]
[[2.77019175e+00 0.00000000e+00]
 [1.11022302e-16 4.34325879e-01]]
[[2.77019175e+00 0.00000000e+00]
 [1.11022302e-16 4.34325879e-01]]
Iteration number 7 Correction 0.0037144241117839025 Residual 0.0010164497153216938 tolerance 0.0001
[[2.77707359e+00 1.11022302e-16]
 [0.00000000e+00 4.33526986e-01]]
[[2.77707359e+00 2.22044605e-16]
 [0.00000000e+00 4.33526986e-01]]
[[2.77707359e+00 1.11022302e-16]
 [0.00000000e+00 4.33526986e-01]]
[[2.77707359e+00 2.22044605e-16]
 [0.00000000e+00 4.33526986e-01]]
Iteration number 8 Correction 0.001934313485032973 Residual 0.0005272468013570131 tolerance 0.0001
[[ 2.78066421e+00  5.55111512e-17]
 [-1.38777878e-17  4.33110466e-01]]
[[ 2.78066421e+00  2.22044605e-16]
 [-1.38777878e-17  4.33110466e-01]]
[[ 2.78066421e+00  5.55111512e-17]
 [-1.11022302e-16  4.33110466e-01]]
[[ 2.78066421e+00  2.22044605e-16]
 [-1.11022302e-16  4.33110466e-01]]
Iteration number 9 Correction 0.0010081018529229308 Residual 0.00027430929298211197 tolerance 0.0001
[[ 2.78253738e+00 -1.11022302e-16]
 [ 2.77555756e-17  4.32893250e-01]]
[[ 2.78253738e+00 -6.66133815e-16]
 [ 2.77555756e-17  4.32893250e-01]]
[[ 2.78253738e+00 -1.11022302e-16]
 [ 1.11022302e-16  4.32893250e-01]]
[[ 2.78253738e+00 -6.66133815e-16]
 [ 1.11022302e-16  4.32893250e-01]]
Iteration number 10 Correction 0.0005256085280850686 Residual 0.00014290499931721406 tolerance 0.0001
[[2.78351454e+00 0.00000000e+00]
 [2.77555756e-17 4.32779958e-01]]
[[2.78351454e+00 0.00000000e+00]
 [2.77555756e-17 4.32779958e-01]]
[[2.78351454e+00 0.00000000e+00]
 [1.11022302e-16 4.32779958e-01]]
[[2.78351454e+00 0.00000000e+00]
 [1.11022302e-16 4.32779958e-01]]
Iteration number 11 Correction 0.000274103799624626 Residual 7.449521474424873e-05 tolerance 0.0001
[[2.78402426 0.        ]
 [0.         0.43272087]]
[[2.78402426 0.        ]
 [0.         0.43272087]]
[[2.78402426 0.        ]
 [0.         0.43272087]]
[[2.78402426 0.        ]
 [0.         0.43272087]]
Iteration number 12 Correction 0.00014296088764266976 Residual 3.884580819931915e-05 tolerance 0.0001
[[ 2.78429014e+00 -1.11022302e-16]
 [ 2.77555756e-17  4.32690044e-01]]
[[ 2.78429014e+00 -4.44089210e-16]
 [ 2.77555756e-17  4.32690044e-01]]
[[ 2.78429014e+00 -1.11022302e-16]
 [ 1.11022302e-16  4.32690044e-01]]
[[ 2.78429014e+00 -4.44089210e-16]
 [ 1.11022302e-16  4.32690044e-01]]
Iteration number 13 Correction 7.456676326032482e-05 Residual 2.0259467267045586e-05 tolerance 0.0001

 Step 5 Load 1.0

[[2.78442884e+00 0.00000000e+00]
 [2.77555756e-17 4.32673966e-01]]
[[2.78442884e+00 0.00000000e+00]
 [2.77555756e-17 4.32673966e-01]]
[[2.78442884e+00 0.00000000e+00]
 [1.11022302e-16 4.32673966e-01]]
[[2.78442884e+00 0.00000000e+00]
 [1.11022302e-16 4.32673966e-01]]
Iteration number 1 Correction 0.163779251896711 Residual 0.053043575466302915 tolerance 0.0001
[[ 3.14761954e+00 -1.66533454e-16]
 [ 2.77555756e-17  3.90568507e-01]]
[[ 3.14761954e+00 -4.44089210e-16]
 [ 2.77555756e-17  3.90568507e-01]]
[[ 3.14761954e+00 -1.66533454e-16]
 [ 0.00000000e+00  3.90568507e-01]]
[[ 3.14761954e+00 -4.44089210e-16]
 [ 0.00000000e+00  3.90568507e-01]]
Iteration number 2 Correction 0.08326400936026193 Residual 0.0678289527541359 tolerance 0.0001
[[ 3.34960884e+00 -5.55111512e-17]
 [ 0.00000000e+00  3.78075857e-01]]
[[ 3.34960884e+00 -4.44089210e-16]
 [ 0.00000000e+00  3.78075857e-01]]
[[ 3.34960884e+00 -5.55111512e-17]
 [ 0.00000000e+00  3.78075857e-01]]
[[ 3.34960884e+00 -4.44089210e-16]
 [ 0.00000000e+00  3.78075857e-01]]
Iteration number 3 Correction 0.044868670679860945 Residual 0.01710696561494379 tolerance 0.0001
[[3.46337911 0.        ]
 [0.         0.36952431]]
[[3.46337911 0.        ]
 [0.         0.36952431]]
[[3.46337911 0.        ]
 [0.         0.36952431]]
[[3.46337911 0.        ]
 [0.         0.36952431]]
Iteration number 4 Correction 0.024212620050897058 Residual 0.009696701162213479 tolerance 0.0001
[[ 3.52629771e+00  0.00000000e+00]
 [-2.77555756e-17  3.65155649e-01]]
[[ 3.52629771e+00  4.44089210e-16]
 [-2.77555756e-17  3.65155649e-01]]
[[3.52629771 0.        ]
 [0.         0.36515565]]
[[3.52629771e+00 4.44089210e-16]
 [0.00000000e+00 3.65155649e-01]]
Iteration number 5 Correction 0.013174685922763137 Residual 0.00489788726428872 tolerance 0.0001
[[ 3.56098408e+00  0.00000000e+00]
 [-2.77555756e-17  3.62760392e-01]]
[[ 3.56098408e+00  0.00000000e+00]
 [-2.77555756e-17  3.62760392e-01]]
[[ 3.56098408e+00  0.00000000e+00]
 [-1.11022302e-16  3.62760392e-01]]
[[ 3.56098408e+00  0.00000000e+00]
 [-1.11022302e-16  3.62760392e-01]]
Iteration number 6 Correction 0.007194873581496124 Residual 0.0026183554497290016 tolerance 0.0001
[[ 3.58006255e+00 -1.11022302e-16]
 [ 0.00000000e+00  3.61451685e-01]]
[[ 3.58006255e+00 -4.44089210e-16]
 [ 0.00000000e+00  3.61451685e-01]]
[[ 3.58006255e+00 -1.11022302e-16]
 [ 0.00000000e+00  3.61451685e-01]]
[[ 3.58006255e+00 -4.44089210e-16]
 [ 0.00000000e+00  3.61451685e-01]]
Iteration number 7 Correction 0.0039378027651871365 Residual 0.0014206143984687003 tolerance 0.0001
[[3.59054513 0.        ]
 [0.         0.36073484]]
[[3.59054513 0.        ]
 [0.         0.36073484]]
[[3.59054513 0.        ]
 [0.         0.36073484]]
[[3.59054513 0.        ]
 [0.         0.36073484]]
Iteration number 8 Correction 0.0021578258079545986 Residual 0.0007758520088946508 tolerance 0.0001
[[3.59630162 0.        ]
 [0.         0.36034183]]
[[3.59630162 0.        ]
 [0.         0.36034183]]
[[3.59630162 0.        ]
 [0.         0.36034183]]
[[3.59630162 0.        ]
 [0.         0.36034183]]
Iteration number 9 Correction 0.0011832456641851369 Residual 0.0004248575271495518 tolerance 0.0001
[[3.59946189 0.        ]
 [0.         0.36012625]]
[[3.59946189 0.        ]
 [0.         0.36012625]]
[[3.59946189 0.        ]
 [0.         0.36012625]]
[[3.59946189 0.        ]
 [0.         0.36012625]]
Iteration number 10 Correction 0.0006490786475207859 Residual 0.00023291965324309498 tolerance 0.0001
[[3.6011966  0.        ]
 [0.         0.36000797]]
[[3.6011966  0.        ]
 [0.         0.36000797]]
[[3.6011966  0.        ]
 [0.         0.36000797]]
[[3.6011966  0.        ]
 [0.         0.36000797]]
Iteration number 11 Correction 0.00035613123843842296 Residual 0.0001277606539532546 tolerance 0.0001
[[3.60214872 0.        ]
 [0.         0.35994307]]
[[3.60214872 0.        ]
 [0.         0.35994307]]
[[3.60214872 0.        ]
 [0.         0.35994307]]
[[3.60214872 0.        ]
 [0.         0.35994307]]
Iteration number 12 Correction 0.00019542158347835668 Residual 7.009694869512226e-05 tolerance 0.0001
[[3.60267128 0.        ]
 [0.         0.35990746]]
[[3.60267128 0.        ]
 [0.         0.35990746]]
[[3.60267128 0.        ]
 [0.         0.35990746]]
[[3.60267128 0.        ]
 [0.         0.35990746]]
Iteration number 13 Correction 0.0001072413584077472 Residual 3.846428261255708e-05 tolerance 0.0001
[[3.60295807 0.        ]
 [0.         0.35988791]]
[[3.60295807 0.        ]
 [0.         0.35988791]]
[[3.60295807 0.        ]
 [0.         0.35988791]]
[[3.60295807 0.        ]
 [0.         0.35988791]]
Iteration number 14 Correction 5.885279466206686e-05 Residual 2.1107940079214522e-05 tolerance 0.0001

(base) e:\Avishkar\Research\10_neural_networks\Ajay-Research-Lab\CONTINUA\FEM_hyperelastic>