1.000000 0.000000 0.000000 1.000000 
1.000000 0.000000 0.000000 1.000000 
1.000000 0.000000 0.000000 1.000000 
1.000000 0.000000 0.000000 1.000000 
1.000000 0.000000 0.000000 1.000000 
1.000000 0.000000 0.000000 1.000000 
1.000000 0.000000 0.000000 1.000000 
1.000000 0.000000 0.000000 1.000000 
1.000000 0.000000 0.000000 1.000000 
1.000000 0.000000 0.000000 1.000000 
1.000000 0.000000 0.000000 1.000000 
1.000000 0.000000 0.000000 1.000000 
1.000000 0.000000 0.000000 1.000000 
1.000000 0.000000 0.000000 1.000000 
1.000000 0.000000 0.000000 1.000000 
1.000000 0.000000 0.000000 1.000000 
0.904795 0.000602 -0.045291 1.195955 
0.904795 0.002247 -0.045291 1.072217 
0.906440 0.000602 -0.169030 1.195955 
0.906440 0.002247 -0.169030 1.072217 
1.039076 -0.010958 -0.012402 1.014523 
1.039076 -0.048681 -0.012402 0.980641 
1.001353 -0.010958 -0.046284 1.014523 
1.001353 -0.048681 -0.046284 0.980641 
0.987265 0.082791 -0.064796 1.023577 
0.987265 0.082023 -0.064796 1.006884 
0.986497 0.082791 -0.081489 1.023577 
0.986497 0.082023 -0.081489 1.006884 
0.924597 0.017555 -0.228989 1.084429 
0.924597 0.065516 -0.228989 1.044355 
0.972558 0.017555 -0.269063 1.084429 
0.972558 0.065516 -0.269063 1.044355 
0.886972 0.001966 -0.052393 1.237893 
0.886972 0.007339 -0.052393 1.094752 
0.892344 0.001966 -0.195534 1.237893 
0.892344 0.007339 -0.195534 1.094752 
1.030854 -0.003880 -0.014765 1.027595 
1.030854 -0.039903 -0.014765 0.987257 
0.994832 -0.003880 -0.055102 1.027595 
0.994832 -0.039903 -0.055102 0.987257 
0.981803 0.088832 -0.075542 1.020620 
0.981803 0.089260 -0.075542 1.005113 
0.982231 0.088832 -0.091048 1.020620 
0.982231 0.089260 -0.091048 1.005113 
0.913050 0.018739 -0.264878 1.089559 
0.913050 0.069936 -0.264878 1.043247 
0.964247 0.018739 -0.311190 1.089559 
0.964247 0.069936 -0.311190 1.043247 
0.885423 0.001994 -0.052458 1.240311 
0.885423 0.007444 -0.052458 1.096993 
0.890872 0.001994 -0.195776 1.240311 
0.890872 0.007444 -0.195776 1.096993 
1.029225 -0.003597 -0.015022 1.029513 
1.029225 -0.039208 -0.015022 0.988472 
0.993614 -0.003597 -0.056063 1.029513 
0.993614 -0.039208 -0.056063 0.988472 
0.980885 0.089549 -0.076937 1.021336 
0.980885 0.090384 -0.076937 1.005346 
0.981720 0.089549 -0.092927 1.021336 
0.981720 0.090384 -0.092927 1.005346 
0.911726 0.018859 -0.265407 1.091278 
0.911726 0.070384 -0.265407 1.044361 
0.963251 0.018859 -0.312323 1.091278 
0.963251 0.070384 -0.312323 1.044361 
0.885418 0.001989 -0.052420 1.240275 
0.885418 0.007423 -0.052420 1.097061 
0.890852 0.001989 -0.195634 1.240275 
0.890852 0.007423 -0.195634 1.097061 
1.029082 -0.003601 -0.015022 1.029620 
1.029082 -0.039154 -0.015022 0.988580 
0.993529 -0.003601 -0.056062 1.029620 
0.993529 -0.039154 -0.056062 0.988580 
0.980835 0.089522 -0.076946 1.021384 
0.980835 0.090393 -0.076946 1.005367 
0.981705 0.089522 -0.092963 1.021384 
0.981705 0.090393 -0.092963 1.005367 
0.911692 0.018851 -0.265230 1.091347 
0.911692 0.070353 -0.265230 1.044423 
0.963194 0.018851 -0.312154 1.091347 
0.963194 0.070353 -0.312154 1.044423 
0.885425 0.001988 -0.052417 1.240266 
0.885425 0.007420 -0.052417 1.097059 
0.890857 0.001988 -0.195625 1.240266 
0.890857 0.007420 -0.195625 1.097059 
1.029075 -0.003603 -0.015021 1.029621 
1.029075 -0.039151 -0.015021 0.988584 
0.993527 -0.003603 -0.056058 1.029621 
0.993527 -0.039151 -0.056058 0.988584 
0.980835 0.089518 -0.076941 1.021384 
0.980835 0.090390 -0.076941 1.005368 
0.981706 0.089518 -0.092958 1.021384 
0.981706 0.090390 -0.092958 1.005368 
0.911695 0.018850 -0.265216 1.091342 
0.911695 0.070349 -0.265216 1.044421 
0.963195 0.018850 -0.312137 1.091342 
0.963195 0.070349 -0.312137 1.044421 
0.761894 0.004822 -0.113822 1.524314 
0.761894 0.017996 -0.113822 1.213347 
0.775068 0.004822 -0.424789 1.524314 
0.775068 0.017996 -0.424789 1.213347 
1.051206 -0.001983 -0.031687 1.067838 
1.051206 -0.069741 -0.031687 0.981267 
0.983448 -0.001983 -0.118257 1.067838 
0.983448 -0.069741 -0.118257 0.981267 
0.959327 0.182424 -0.159925 1.033503 
0.959327 0.184282 -0.159925 1.006236 
0.961186 0.182424 -0.187193 1.033503 
0.961186 0.184282 -0.187193 1.006236 
0.818297 0.038407 -0.573646 1.174236 
0.818297 0.143337 -0.573646 1.078519 
0.923227 0.038407 -0.669364 1.174236 
0.923227 0.143337 -0.669364 1.078519 
0.747281 0.005795 -0.122067 1.585794 
0.747281 0.021629 -0.122067 1.252301 
0.763114 0.005795 -0.455561 1.585794 
0.763114 0.021629 -0.455561 1.252301 
1.030525 0.004135 -0.035209 1.095024 
1.030525 -0.059492 -0.035209 0.998832 
0.966898 0.004135 -0.131401 1.095024 
0.966898 -0.059492 -0.131401 0.998832 
0.946402 0.178958 -0.176337 1.032982 
0.946402 0.186588 -0.176337 1.006406 
0.954032 0.178958 -0.202913 1.032982 
0.954032 0.186588 -0.202913 1.006406 
0.806137 0.037228 -0.616814 1.188953 
0.806137 0.138937 -0.616814 1.081895 
0.907846 0.037228 -0.723873 1.188953 
0.907846 0.138937 -0.723873 1.081895 
0.745273 0.005683 -0.121661 1.589949 
0.745273 0.021208 -0.121661 1.257563 
0.760799 0.005683 -0.454047 1.589949 
0.760799 0.021208 -0.454047 1.257563 
1.025286 0.004143 -0.035430 1.100472 
1.025286 -0.058005 -0.035430 1.003675 
0.963137 0.004143 -0.132227 1.100472 
0.963137 -0.058005 -0.132227 1.003675 
0.943570 0.178237 -0.178042 1.036233 
0.943570 0.186927 -0.178042 1.007862 
0.952260 0.178237 -0.206412 1.036233 
0.952260 0.186927 -0.206412 1.007862 
0.803475 0.036994 -0.615626 1.195590 
0.803475 0.138063 -0.615626 1.086534 
0.904544 0.036994 -0.724681 1.195590 
0.904544 0.138063 -0.724681 1.086534 
0.745507 0.005643 -0.121357 1.589274 
0.745507 0.021061 -0.121357 1.257720 
0.760925 0.005643 -0.452911 1.589274 
0.760925 0.021061 -0.452911 1.257720 
1.024562 0.004072 -0.035397 1.100966 
1.024562 -0.057761 -0.035397 1.004259 
0.962730 0.004072 -0.132104 1.100966 
0.962730 -0.057761 -0.132104 1.004259 
0.943324 0.177958 -0.177948 1.036601 
0.943324 0.186771 -0.177948 1.008059 
0.952137 0.177958 -0.206489 1.036601 
0.952137 0.186771 -0.206489 1.008059 
0.803493 0.036925 -0.614122 1.195785 
0.803493 0.137807 -0.614122 1.086902 
0.904375 0.036925 -0.723005 1.195785 
0.904375 0.137807 -0.723005 1.086902 
0.745588 0.005636 -0.121326 1.589127 
0.745588 0.021033 -0.121326 1.257660 
0.760985 0.005636 -0.452793 1.589127 
0.760985 0.021033 -0.452793 1.257660 
1.024529 0.004052 -0.035389 1.100946 
1.024529 -0.057739 -0.035389 1.004262 
0.962738 0.004052 -0.132072 1.100946 
0.962738 -0.057739 -0.132072 1.004262 
0.943346 0.177962 -0.177902 1.036572 
0.943346 0.186773 -0.177902 1.008045 
0.952157 0.177962 -0.206429 1.036572 
0.952157 0.186773 -0.206429 1.008045 
0.803547 0.036926 -0.613940 1.195630 
0.803547 0.137811 -0.613940 1.086836 
0.904432 0.036926 -0.722735 1.195630 
0.904432 0.137811 -0.722735 1.086836 
0.745593 0.005635 -0.121328 1.589125 
0.745593 0.021032 -0.121328 1.257652 
0.760989 0.005635 -0.452801 1.589125 
0.760989 0.021032 -0.452801 1.257652 
1.024535 0.004051 -0.035388 1.100936 
1.024535 -0.057738 -0.035388 1.004253 
0.962746 0.004051 -0.132071 1.100936 
0.962746 -0.057738 -0.132071 1.004253 
0.943354 0.177972 -0.177899 1.036559 
0.943354 0.186781 -0.177899 1.008038 
0.952163 0.177972 -0.206420 1.036559 
0.952163 0.186781 -0.206420 1.008038 
0.803553 0.036929 -0.613948 1.195606 
0.803553 0.137819 -0.613948 1.086818 
0.904443 0.036929 -0.722736 1.195606 
0.904443 0.137819 -0.722736 1.086818 
0.620297 0.008862 -0.200411 1.975690 
0.620297 0.033073 -0.200411 1.428156 
0.644508 0.008862 -0.747945 1.975690 
0.644508 0.033073 -0.747945 1.428156 
1.020008 0.010986 -0.056392 1.171352 
1.020008 -0.073570 -0.056392 1.017286 
0.935452 0.010986 -0.210458 1.171352 
0.935452 -0.073570 -0.210458 1.017286 
0.910436 0.263373 -0.277628 1.030468 
0.910436 0.279584 -0.277628 1.001020 
0.926647 0.263373 -0.307075 1.030468 
0.926647 0.279584 -0.307075 1.001020 
0.707774 0.054403 -1.006005 1.256392 
0.707774 0.203036 -1.006005 1.098894 
0.856407 0.054403 -1.163503 1.256392 
0.856407 0.203036 -1.163503 1.098894 
0.613763 0.009046 -0.206934 2.050576 
0.613763 0.033760 -0.206934 1.485221 
0.638477 0.009046 -0.772289 2.050576 
0.638477 0.033760 -0.772289 1.485221 
0.983919 0.014530 -0.060286 1.218000 
0.983919 -0.062724 -0.060286 1.053297 
0.906665 0.014530 -0.224989 1.218000 
0.906665 -0.062724 -0.224989 1.053297 
0.888161 0.242982 -0.297317 1.042073 
0.888161 0.269681 -0.297317 1.009175 
0.914861 0.242982 -0.330215 1.042073 
0.914861 0.269681 -0.330215 1.009175 
0.696806 0.049283 -1.046973 1.306959 
0.696806 0.183926 -1.046973 1.121864 
0.831450 0.049283 -1.232068 1.306959 
0.831450 0.183926 -1.232068 1.121864 
0.613275 0.008652 -0.204798 2.051828 
0.613275 0.032289 -0.204798 1.492309 
0.636912 0.008652 -0.764317 2.051828 
0.636912 0.032289 -0.764317 1.492309 
0.974702 0.013681 -0.059753 1.227758 
0.974702 -0.060793 -0.059753 1.064509 
0.900228 0.013681 -0.223002 1.227758 
0.900228 -0.060793 -0.223002 1.064509 
0.883137 0.238457 -0.296675 1.052306 
0.883137 0.266237 -0.296675 1.014277 
0.910917 0.238457 -0.334704 1.052306 
0.910917 0.266237 -0.334704 1.014277 
0.693807 0.048243 -1.037855 1.322766 
0.693807 0.180046 -1.037855 1.134966 
0.825610 0.048243 -1.225656 1.322766 
0.825610 0.180046 -1.225656 1.134966 
0.614226 0.008564 -0.203649 2.048329 
0.614226 0.031961 -0.203649 1.491949 
0.637623 0.008564 -0.760028 2.048329 
0.637623 0.031961 -0.760028 1.491949 
0.973340 0.013503 -0.059627 1.228673 
0.973340 -0.060320 -0.059627 1.065768 
0.899516 0.013503 -0.222532 1.228673 
0.899516 -0.060320 -0.222532 1.065768 
0.882671 0.238049 -0.296263 1.053392 
0.882671 0.265851 -0.296263 1.014863 
0.910472 0.238049 -0.334792 1.053392 
0.910472 0.265851 -0.334792 1.014863 
0.694342 0.048155 -1.031745 1.321527 
0.694342 0.179718 -1.031745 1.135563 
0.825905 0.048155 -1.217709 1.321527 
0.825905 0.179718 -1.217709 1.135563 
0.614486 0.008543 -0.203541 2.047679 
0.614486 0.031881 -0.203541 1.491595 
0.637825 0.008543 -0.759625 2.047679 
0.637825 0.031881 -0.759625 1.491595 
0.973402 0.013445 -0.059623 1.228431 
0.973402 -0.060263 -0.059623 1.065539 
0.899695 0.013445 -0.222515 1.228431 
0.899695 -0.060263 -0.222515 1.065539 
0.882877 0.238379 -0.296171 1.052956 
0.882877 0.266138 -0.296171 1.014615 
0.910636 0.238379 -0.334513 1.052956 
0.910636 0.266138 -0.334513 1.014615 
0.694595 0.048228 -1.031006 1.320175 
0.694595 0.179990 -1.031006 1.134831 
0.826357 0.048228 -1.216351 1.320175 
0.826357 0.179990 -1.216351 1.134831 
0.614474 0.008542 -0.203586 2.047789 
0.614474 0.031880 -0.203586 1.491580 
0.637812 0.008542 -0.759795 2.047789 
0.637812 0.031880 -0.759795 1.491580 
0.973464 0.013445 -0.059634 1.228360 
0.973464 -0.060259 -0.059634 1.065437 
0.899760 0.013445 -0.222556 1.228360 
0.899760 -0.060259 -0.222556 1.065437 
0.882942 0.238494 -0.296196 1.052782 
0.882942 0.266251 -0.296196 1.014517 
0.910700 0.238494 -0.334461 1.052782 
0.910700 0.266251 -0.334461 1.014517 
0.694607 0.048253 -1.031223 1.319977 
0.694607 0.180081 -1.031223 1.134629 
0.826436 0.048253 -1.216570 1.319977 
0.826436 0.180081 -1.216570 1.134629 
0.614455 0.008543 -0.203602 2.047856 
0.614455 0.031884 -0.203602 1.491604 
0.637796 0.008543 -0.759854 2.047856 
0.637796 0.031884 -0.759854 1.491604 
0.973466 0.013449 -0.059637 1.228365 
0.973466 -0.060258 -0.059637 1.065434 
0.899759 0.013449 -0.222568 1.228365 
0.899759 -0.060258 -0.222568 1.065434 
0.882942 0.238500 -0.296208 1.052770 
0.882942 0.266261 -0.296208 1.014511 
0.910703 0.238500 -0.334468 1.052770 
0.910703 0.266261 -0.334468 1.014511 
0.694593 0.048254 -1.031313 1.320019 
0.694593 0.180085 -1.031313 1.134631 
0.826424 0.048254 -1.216701 1.320019 
0.826424 0.180085 -1.216701 1.134631 
0.512172 0.010913 -0.294478 2.521191 
0.512172 0.040727 -0.294478 1.716661 
0.541986 0.010913 -1.099008 2.521191 
0.541986 0.040727 -1.099008 1.716661 
0.941067 0.019767 -0.084182 1.338000 
0.941067 -0.067309 -0.084182 1.108009 
0.853991 0.019767 -0.314173 1.338000 
0.853991 -0.067309 -0.314173 1.108009 
0.837789 0.303744 -0.409626 1.034208 
0.837789 0.346553 -0.409626 1.003418 
0.880598 0.303744 -0.440415 1.034208 
0.880598 0.346553 -0.440415 1.003418 
0.613776 0.060877 -1.474720 1.348644 
0.613776 0.227197 -1.474720 1.126711 
0.780096 0.060877 -1.696653 1.348644 
0.780096 0.227197 -1.696653 1.126711 
0.506733 0.010519 -0.301522 2.622024 
0.506733 0.039259 -0.301522 1.798251 
0.535472 0.010519 -1.125295 2.622024 
0.535472 0.039259 -1.125295 1.798251 
0.894371 0.021804 -0.088498 1.408231 
0.894371 -0.054623 -0.088498 1.166451 
0.817944 0.021804 -0.330278 1.408231 
0.817944 -0.054623 -0.330278 1.166451 
0.810023 0.275417 -0.433021 1.059062 
0.810023 0.330202 -0.433021 1.020142 
0.864808 0.275417 -0.471941 1.059062 
0.864808 0.330202 -0.471941 1.020142 
0.599956 0.053965 -1.530319 1.459580 
0.599956 0.201400 -1.530319 1.176808 
0.747391 0.053965 -1.813090 1.459580 
0.747391 0.201400 -1.813090 1.176808 
0.507131 0.010008 -0.296793 2.619768 
0.507131 0.037351 -0.296793 1.808913 
0.534474 0.010008 -1.107648 2.619768 
0.534474 0.037351 -1.107648 1.808913 
0.881520 0.020719 -0.086900 1.425220 
0.881520 -0.052064 -0.086900 1.187805 
0.808737 0.020719 -0.324314 1.425220 
0.808737 -0.052064 -0.324314 1.187805 
0.802189 0.266946 -0.429521 1.082197 
0.802189 0.321840 -0.429521 1.032181 
0.857083 0.266946 -0.479538 1.082197 
0.857083 0.321840 -0.479538 1.032181 
0.596648 0.052166 -1.509551 1.492777 
0.596648 0.194688 -1.509551 1.205613 
0.739170 0.052166 -1.796715 1.492777 
0.739170 0.194688 -1.796715 1.205613 
0.508870 0.009882 -0.293783 2.609907 
0.508870 0.036879 -0.293783 1.807278 
0.535867 0.009882 -1.096411 2.609907 
0.535867 0.036879 -1.096411 1.807278 
0.879531 0.020474 -0.086609 1.426886 
0.879531 -0.051343 -0.086609 1.190266 
0.807714 0.020474 -0.323229 1.426886 
0.807714 -0.051343 -0.323229 1.190266 
0.801332 0.266862 -0.428603 1.084952 
0.801332 0.321242 -0.428603 1.033685 
0.855712 0.266862 -0.479869 1.084952 
0.855712 0.321242 -0.479869 1.033685 
0.597937 0.052188 -1.492697 1.486263 
0.597937 0.194769 -1.492697 1.206220 
0.740518 0.052188 -1.772740 1.486263 
0.740518 0.194769 -1.772740 1.206220 
0.509402 0.009842 -0.293439 2.607780 
0.509402 0.036733 -0.293439 1.806092 
0.536292 0.009842 -1.095127 2.607780 
0.536292 0.036733 -1.095127 1.806092 
0.879892 0.020370 -0.086666 1.425987 
0.879892 -0.051223 -0.086666 1.189212 
0.808299 0.020370 -0.323441 1.425987 
0.808299 -0.051223 -0.323441 1.189212 
0.801969 0.268142 -0.428543 1.082943 
0.801969 0.322440 -0.428543 1.032572 
0.856267 0.268142 -0.478913 1.082943 
0.856267 0.322440 -0.478913 1.032572 
0.598600 0.052465 -1.490171 1.480573 
0.598600 0.195802 -1.490171 1.202984 
0.741937 0.052465 -1.767759 1.480573 
0.741937 0.195802 -1.767759 1.202984 
0.509337 0.009842 -0.293669 2.608411 
0.509337 0.036733 -0.293669 1.806093 
0.536227 0.009842 -1.095986 2.608411 
0.536227 0.036733 -1.095986 1.806093 
0.880117 0.020371 -0.086734 1.425691 
0.880117 -0.051219 -0.086734 1.188729 
0.808527 0.020371 -0.323696 1.425691 
0.808527 -0.051219 -0.323696 1.188729 
0.802223 0.268595 -0.428714 1.081977 
0.802223 0.322963 -0.428714 1.032022 
0.856591 0.268595 -0.478669 1.081977 
0.856591 0.322963 -0.478669 1.032022 
0.598625 0.052555 -1.491314 1.479657 
0.598625 0.196139 -1.491314 1.201920 
0.742209 0.052555 -1.769050 1.479657 
0.742209 0.196139 -1.769050 1.201920 
0.509255 0.009846 -0.293773 2.608858 
0.509255 0.036746 -0.293773 1.806254 
0.536155 0.009846 -1.096377 2.608858 
0.536155 0.036746 -1.096377 1.806254 
0.880118 0.020383 -0.086750 1.425731 
0.880118 -0.051219 -0.086750 1.188726 
0.808515 0.020383 -0.323755 1.425731 
0.808515 -0.051219 -0.323755 1.188726 
0.802221 0.268594 -0.428779 1.081903 
0.802221 0.323000 -0.428779 1.031976 
0.856628 0.268594 -0.478707 1.081903 
0.856628 0.323000 -0.478707 1.031976 
0.598553 0.052552 -1.491931 1.480026 
0.598553 0.196127 -1.491931 1.201958 
0.742128 0.052552 -1.769999 1.480026 
0.742128 0.196127 -1.769999 1.201958 
0.509238 0.009847 -0.293778 2.608923 
0.509238 0.036749 -0.293778 1.806307 
0.536140 0.009847 -1.096394 2.608923 
0.536140 0.036749 -1.096394 1.806307 
0.880088 0.020386 -0.086747 1.425782 
0.880088 -0.051218 -0.086747 1.188784 
0.808484 0.020386 -0.323745 1.425782 
0.808484 -0.051218 -0.323745 1.188784 
0.802191 0.268544 -0.428781 1.081989 
0.802191 0.322956 -0.428781 1.032023 
0.856602 0.268544 -0.478747 1.081989 
0.856602 0.322956 -0.478747 1.032023 
0.598528 0.052541 -1.491983 1.480243 
0.598528 0.196087 -1.491983 1.202089 
0.742073 0.052541 -1.770137 1.480243 
0.742073 0.196087 -1.770137 1.202089 
0.509242 0.009847 -0.293767 2.608892 
0.509242 0.036748 -0.293767 1.806306 
0.536143 0.009847 -1.096354 2.608892 
0.536143 0.036748 -1.096354 1.806306 
0.880077 0.020386 -0.086745 1.425794 
0.880077 -0.051217 -0.086745 1.188803 
0.808475 0.020386 -0.323736 1.425794 
0.808475 -0.051217 -0.323736 1.188803 
0.802181 0.268530 -0.428775 1.082023 
0.802181 0.322939 -0.428775 1.032042 
0.856590 0.268530 -0.478756 1.082023 
0.856590 0.322939 -0.478756 1.032042 
0.598528 0.052538 -1.491928 1.480266 
0.598528 0.196076 -1.491928 1.202124 
0.742066 0.052538 -1.770070 1.480266 
0.742066 0.196076 -1.770070 1.202124 
0.431649 0.011451 -0.392006 3.165079 
0.431649 0.042734 -0.392006 2.094099 
0.462933 0.011451 -1.462987 3.165079 
0.462933 0.042734 -1.462987 2.094099 
0.825070 0.025761 -0.114945 1.587148 
0.825070 -0.051895 -0.114945 1.273114 
0.747414 0.025761 -0.428979 1.587148 
0.747414 -0.051895 -0.428979 1.273114 
0.745722 0.317971 -0.557754 1.058399 
0.745722 0.391003 -0.557754 1.020613 
0.818754 0.317971 -0.595540 1.058399 
0.818754 0.391003 -0.595540 1.020613 
0.535930 0.061546 -1.963553 1.477383 
0.535930 0.229694 -1.963553 1.180790 
0.704077 0.061546 -2.260147 1.477383 
0.704077 0.229694 -2.260147 1.180790 
0.425434 0.010607 -0.402377 3.304980 
0.425434 0.039586 -0.402377 2.205666 
0.454414 0.010607 -1.501690 3.304980 
0.454414 0.039586 -1.501690 2.205666 
0.776758 0.026441 -0.119564 1.683725 
0.776758 -0.038450 -0.119564 1.357069 
0.711866 0.026441 -0.446221 1.683725 
0.711866 -0.038450 -0.446221 1.357069 
0.719060 0.288288 -0.582987 1.089566 
0.719060 0.372835 -0.582987 1.042569 
0.803608 0.288288 -0.629985 1.089566 
0.803608 0.372835 -0.629985 1.042569 
0.519403 0.054383 -2.051327 1.656352 
0.519403 0.202958 -2.051327 1.254029 
0.667979 0.054383 -2.453650 1.656352 
0.667979 0.202958 -2.453650 1.254029 
0.425810 0.010172 -0.395357 3.301629 
0.425810 0.037962 -0.395357 2.221493 
0.453601 0.010172 -1.475493 3.301629 
0.453601 0.037962 -1.475493 2.221493 
0.762858 0.025631 -0.116632 1.709503 
0.762858 -0.035849 -0.116632 1.390858 
0.701378 0.025631 -0.435278 1.709503 
0.701378 -0.035849 -0.435278 1.390858 
0.709202 0.276591 -0.576016 1.129848 
0.709202 0.359445 -0.576016 1.063993 
0.792057 0.276591 -0.641871 1.129848 
0.792057 0.359445 -0.641871 1.063993 
0.515814 0.052042 -2.021213 1.715115 
0.515814 0.194222 -2.021213 1.304316 
0.657995 0.052042 -2.432011 1.715115 
0.657995 0.194222 -2.432011 1.304316 
0.427973 0.010050 -0.389601 3.282028 
0.427973 0.037508 -0.389601 2.217617 
0.455430 0.010050 -1.454013 3.282028 
0.455430 0.037508 -1.454013 2.217617 
0.760690 0.025436 -0.115993 1.712022 
0.760690 -0.035003 -0.115993 1.395125 
0.700251 0.025436 -0.432891 1.712022 
0.700251 -0.035003 -0.432891 1.395125 
0.707854 0.276665 -0.574007 1.136495 
0.707854 0.357876 -0.574007 1.067856 
0.789064 0.276665 -0.642646 1.136495 
0.789064 0.357876 -0.642646 1.067856 
0.517665 0.052185 -1.987596 1.698965 
0.517665 0.194756 -1.987596 1.305600 
0.660236 0.052185 -2.380961 1.698965 
0.660236 0.194756 -2.380961 1.305600 
0.428773 0.010000 -0.388662 3.276592 
0.428773 0.037322 -0.388662 2.214749 
0.456094 0.010000 -1.450505 3.276592 
0.456094 0.037322 -1.450505 2.214749 
0.761430 0.025303 -0.116171 1.709916 
0.761430 -0.034852 -0.116171 1.392530 
0.701274 0.025303 -0.433557 1.709916 
0.701274 -0.034852 -0.433557 1.392530 
0.708946 0.279145 -0.573981 1.131587 
0.708946 0.360259 -0.573981 1.065328 
0.790059 0.279145 -0.640239 1.131587 
0.790059 0.360259 -0.640239 1.065328 
0.518811 0.052716 -1.980824 1.684512 
0.518811 0.196739 -1.980824 1.297497 
0.662834 0.052716 -2.367839 1.684512 
0.662834 0.196739 -2.367839 1.297497 
0.428676 0.009999 -0.389232 3.278089 
0.428676 0.037317 -0.389232 2.214686 
0.455994 0.009999 -1.452635 3.278089 
0.455994 0.037317 -1.452635 2.214686 
0.761894 0.025292 -0.116370 1.709084 
0.761894 -0.034880 -0.116370 1.391156 
0.701722 0.025292 -0.434298 1.709084 
0.701722 -0.034880 -0.434298 1.391156 
0.709498 0.280148 -0.574459 1.128641 
0.709498 0.361564 -0.574459 1.063641 
0.790914 0.280148 -0.639460 1.128641 
0.790914 0.361564 -0.639460 1.063641 
0.518898 0.052905 -1.983722 1.681842 
0.518898 0.197443 -1.983722 1.294288 
0.663437 0.052905 -2.371277 1.681842 
0.663437 0.197443 -2.371277 1.294288 
0.428510 0.010006 -0.389588 3.279548 
0.428510 0.037342 -0.389588 2.215173 
0.455846 0.010006 -1.453962 3.279548 
0.455846 0.037342 -1.453962 2.215173 
0.761909 0.025311 -0.116418 1.709167 
0.761909 -0.034895 -0.116418 1.391107 
0.701704 0.025311 -0.434478 1.709167 
0.701704 -0.034895 -0.434478 1.391107 
0.709521 0.280137 -0.574650 1.128294 
0.709521 0.361700 -0.574650 1.063397 
0.791084 0.280137 -0.639546 1.128294 
0.791084 0.361700 -0.639546 1.063397 
0.518742 0.052891 -1.985855 1.683135 
0.518742 0.197392 -1.985855 1.294352 
0.663243 0.052891 -2.374638 1.683135 
0.663243 0.197392 -2.374638 1.294352 
0.428463 0.010008 -0.389629 3.279861 
0.428463 0.037350 -0.389629 2.215376 
0.455805 0.010008 -1.454114 3.279861 
0.455805 0.037350 -1.454114 2.215376 
0.761833 0.025319 -0.116405 1.709342 
0.761833 -0.034894 -0.116405 1.391319 
0.701621 0.025319 -0.434429 1.709342 
0.701621 -0.034894 -0.434429 1.391319 
0.709439 0.279976 -0.574647 1.128631 
0.709439 0.361548 -0.574647 1.063571 
0.791011 0.279976 -0.639707 1.128631 
0.791011 0.361548 -0.639707 1.063571 
0.518669 0.052856 -1.986188 1.684058 
0.518669 0.197262 -1.986188 1.294890 
0.663075 0.052856 -2.375356 1.684058 
0.663075 0.197262 -2.375356 1.294890 
