

 Step 1 Load 0.2
Nodal Displacements: 
 Node    Coords          u1          u2 
  0   0.0000   0.0000   0.0000  -0.0000
  1   0.5000   0.0000   0.0769  -0.0000
  2   1.0000   0.0000   0.1535   0.0000
  3   0.0000   0.5000   0.0000  -0.0504
  4   0.5000   0.5000   0.0524  -0.0504
  5   1.0000   0.5000   0.0953  -0.0357
  6   0.0000   1.0000   0.0000  -0.0820
  7   0.5000   1.0000   0.0228  -0.0776
  8   1.0000   1.0000   0.0318  -0.0527


 Strains and Stresses and Deformation Gradient 
 
 Element; 0   
 int pt    Coords          B_11      B_22     B_12      s_11       s_22      s_12      F_11      F_12      F_21      F_22 
    0  0.1057  0.6057    1.1933    0.8810   -0.0097    0.4144    0.1149   -0.0093    1.0923    0.0019    0.0019    0.9386
    1  0.3943  0.6057    1.1953    0.8906   -0.0421    0.4674    0.1778   -0.0400    1.0923    0.0019    0.0019    0.9437
    2  0.1057  0.8943    1.1197    0.8811   -0.0044    0.0531   -0.1882   -0.0045    1.0581    0.0069    0.0069    0.9386
    3  0.3943  0.8943    1.1217    0.8906   -0.0368    0.1063   -0.1252   -0.0368    1.0581    0.0069    0.0069    0.9437
 
 Element; 1   
 int pt    Coords          B_11      B_22     B_12      s_11       s_22      s_12      F_11      F_12      F_21      F_22 
    0  0.1057  0.1057    1.3077    0.8086   -0.0093    0.5391    0.0627   -0.0089    1.1435   -0.0000   -0.0000    0.8992
    1  0.3943  0.1057    1.3091    0.8086   -0.0348    0.5400    0.0622   -0.0332    1.1435   -0.0000   -0.0000    0.8992
    2  0.1057  0.3943    1.2437    0.8086   -0.0093    0.2531   -0.1801   -0.0093    1.1152   -0.0000   -0.0000    0.8992
    3  0.3943  0.3943    1.2451    0.8086   -0.0348    0.2540   -0.1805   -0.0346    1.1152   -0.0000   -0.0000    0.8992
 
 Element; 2   
 int pt    Coords          B_11      B_22     B_12      s_11       s_22      s_12      F_11      F_12      F_21      F_22 
    0  0.6057  0.1057    1.3012    0.8198   -0.0502    0.5638    0.1068   -0.0477    1.1389    0.0062    0.0062    0.9054
    1  0.8943  0.1057    1.3076    0.8508   -0.0872    0.7461    0.3257   -0.0802    1.1389    0.0062    0.0062    0.9224
    2  0.6057  0.3943    1.2141    0.8203   -0.0318    0.1783   -0.2172   -0.0320    1.1001    0.0232    0.0232    0.9054
    3  0.8943  0.3943    1.2206    0.8513   -0.0688    0.3614    0.0024   -0.0669    1.1001    0.0232    0.0232    0.9224
 
 Element; 3   
 int pt    Coords          B_11      B_22     B_12      s_11       s_22      s_12      F_11      F_12      F_21      F_22 
    0  0.6057  0.6057    1.1535    0.9035   -0.0338    0.3331    0.0912   -0.0327    1.0715    0.0337    0.0337    0.9499
    1  0.8943  0.6057    1.1608    0.9261   -0.0724    0.4677    0.2458   -0.0684    1.0715    0.0337    0.0337    0.9617
    2  0.6057  0.8943    1.0711    0.9044   -0.0229   -0.0790   -0.2502   -0.0235    1.0323    0.0455    0.0455    0.9499
    3  0.8943  0.8943    1.0784    0.9270   -0.0614    0.0565   -0.0954   -0.0617    1.0323    0.0455    0.0455    0.9617


 Step 2 Load 0.4
Nodal Displacements: 
 Node    Coords          u1          u2 
  0   0.0000   0.0000  -0.0000   0.0000
  1   0.5000   0.0000   0.1706  -0.0000
  2   1.0000   0.0000   0.3519  -0.0000
  3   0.0000   0.5000   0.0000  -0.0987
  4   0.5000   0.5000   0.1198  -0.1012
  5   1.0000   0.5000   0.2182  -0.0807
  6   0.0000   1.0000  -0.0000  -0.1676
  7   0.5000   1.0000   0.0602  -0.1623
  8   1.0000   1.0000   0.0824  -0.1203


 Strains and Stresses and Deformation Gradient 
 
 Element; 0   
 int pt    Coords          B_11      B_22     B_12      s_11       s_22      s_12      F_11      F_12      F_21      F_22 
    0  0.1057  0.6057    1.4752    0.7491   -0.0239    0.8784    0.2101   -0.0220    1.2143   -0.0017   -0.0017    0.8655
    1  0.3943  0.6057    1.4834    0.7650   -0.0843    0.9816    0.3316   -0.0763    1.2143   -0.0017   -0.0017    0.8746
    2  0.1057  0.8943    1.3128    0.7492   -0.0134    0.2127   -0.3588   -0.0135    1.1455    0.0074    0.0074    0.8655
    3  0.3943  0.8943    1.3210    0.7650   -0.0738    0.3169   -0.2367   -0.0735    1.1455    0.0074    0.0074    0.8746
 
 Element; 1   
 int pt    Coords          B_11      B_22     B_12      s_11       s_22      s_12      F_11      F_12      F_21      F_22 
    0  0.1057  0.1057    1.7422    0.6424   -0.0186    1.1366    0.1350   -0.0170    1.3198   -0.0011   -0.0011    0.8015
    1  0.3943  0.1057    1.7482    0.6377   -0.0655    1.1060    0.0884   -0.0600    1.3198   -0.0011   -0.0011    0.7986
    2  0.1057  0.3943    1.5906    0.6424   -0.0223    0.6100   -0.3217   -0.0219    1.2610   -0.0040   -0.0040    0.8015
    3  0.3943  0.3943    1.5966    0.6377   -0.0691    0.5796   -0.3687   -0.0683    1.2610   -0.0040   -0.0040    0.7986
 
 Element; 2   
 int pt    Coords          B_11      B_22     B_12      s_11       s_22      s_12      F_11      F_12      F_21      F_22 
    0  0.6057  0.1057    1.7813    0.6500   -0.0987    1.2831    0.2748   -0.0880    1.3276    0.0087    0.0087    0.8062
    1  0.8943  0.1057    1.8166    0.6888   -0.1814    1.5878    0.6311   -0.1538    1.3276    0.0087    0.0087    0.8299
    2  0.6057  0.3943    1.5364    0.6510   -0.0703    0.4520   -0.4370   -0.0706    1.2320    0.0324    0.0324    0.8062
    3  0.8943  0.3943    1.5718    0.6898   -0.1530    0.7606   -0.0791   -0.1456    1.2320    0.0324    0.0324    0.8299
 
 Element; 3   
 int pt    Coords          B_11      B_22     B_12      s_11       s_22      s_12      F_11      F_12      F_21      F_22 
    0  0.6057  0.6057    1.3795    0.7893   -0.0759    0.7096    0.1574   -0.0710    1.1647    0.0501    0.0501    0.8870
    1  0.8943  0.6057    1.4139    0.8338   -0.1600    1.0336    0.5185   -0.1420    1.1647    0.0501    0.0501    0.9118
    2  0.6057  0.8943    1.1821    0.7924   -0.0537   -0.1346   -0.5472   -0.0569    1.0767    0.0749    0.0749    0.8870
    3  0.8943  0.8943    1.2166    0.8369   -0.1377    0.1947   -0.1852   -0.1378    1.0767    0.0749    0.0749    0.9118


 Step 3 Load 0.6
Nodal Displacements: 
 Node    Coords          u1          u2 
  0   0.0000   0.0000   0.0000  -0.0000
  1   0.5000   0.0000   0.2836  -0.0000
  2   1.0000   0.0000   0.6101   0.0000
  3   0.0000   0.5000   0.0000  -0.1436
  4   0.5000   0.5000   0.2065  -0.1509
  5   1.0000   0.5000   0.3792  -0.1319
  6   0.0000   1.0000   0.0000  -0.2538
  7   0.5000   1.0000   0.1164  -0.2507
  8   1.0000   1.0000   0.1577  -0.1990


 Strains and Stresses and Deformation Gradient 
 
 Element; 0   
 int pt    Coords          B_11      B_22     B_12      s_11       s_22      s_12      F_11      F_12      F_21      F_22 
    0  0.1057  0.6057    1.8917    0.6149   -0.0439    1.4143    0.2869   -0.0388    1.3749   -0.0102   -0.0102    0.7841
    1  0.3943  0.6057    1.9105    0.6337   -0.1272    1.5580    0.4570   -0.1097    1.3749   -0.0102   -0.0102    0.7960
    2  0.1057  0.8943    1.6165    0.6148   -0.0277    0.5074   -0.5002   -0.0279    1.2708    0.0017    0.0017    0.7841
    3  0.3943  0.8943    1.6352    0.6336   -0.1110    0.6531   -0.3291   -0.1088    1.2708    0.0017    0.0017    0.7960
 
 Element; 1   
 int pt    Coords          B_11      B_22     B_12      s_11       s_22      s_12      F_11      F_12      F_21      F_22 
    0  0.1057  0.1057    2.3561    0.5037   -0.0279    1.8177    0.2107   -0.0242    1.5346   -0.0031   -0.0031    0.7097
    1  0.3943  0.1057    2.3698    0.4918   -0.0900    1.7163    0.0535   -0.0797    1.5346   -0.0031   -0.0031    0.7013
    2  0.1057  0.3943    2.0907    0.5038   -0.0398    1.1110   -0.4107   -0.0381    1.4456   -0.0115   -0.0115    0.7097
    3  0.3943  0.3943    2.1044    0.4919   -0.1019    1.0104   -0.5695   -0.0999    1.4456   -0.0115   -0.0115    0.7013
 
 Element; 2   
 int pt    Coords          B_11      B_22     B_12      s_11       s_22      s_12      F_11      F_12      F_21      F_22 
    0  0.6057  0.1057    2.5696    0.4988   -0.1420    2.2319    0.5257   -0.1170    1.5879    0.0080    0.0080    0.7062
    1  0.8943  0.1057    2.6789    0.5303   -0.2761    2.5924    0.9135   -0.2157    1.5879    0.0080    0.0080    0.7282
    2  0.6057  0.3943    2.0375    0.4996   -0.1124    0.8815   -0.6495   -0.1119    1.4105    0.0300    0.0300    0.7062
    3  0.8943  0.3943    2.1468    0.5312   -0.2465    1.2542   -0.2615   -0.2313    1.4105    0.0300    0.0300    0.7282
 
 Element; 3   
 int pt    Coords          B_11      B_22     B_12      s_11       s_22      s_12      F_11      F_12      F_21      F_22 
    0  0.6057  0.6057    1.7196    0.6656   -0.1250    1.1592    0.2064   -0.1130    1.2900    0.0519    0.0519    0.8142
    1  0.8943  0.6057    1.8142    0.7284   -0.2632    1.7153    0.8151   -0.2182    1.2900    0.0519    0.0519    0.8519
    2  0.6057  0.8943    1.3511    0.6709   -0.0899   -0.1461   -0.8898   -0.0983    1.1382    0.0896    0.0896    0.8142
    3  0.8943  0.8943    1.4457    0.7338   -0.2281    0.4266   -0.2801   -0.2265    1.1382    0.0896    0.0896    0.8519


 Step 4 Load 0.8
Nodal Displacements: 
 Node    Coords          u1          u2 
  0   0.0000   0.0000   0.0000  -0.0000
  1   0.5000   0.0000   0.4167  -0.0000
  2   1.0000   0.0000   0.9395  -0.0000
  3   0.0000   0.5000   0.0000  -0.1837
  4   0.5000   0.5000   0.3162  -0.1971
  5   1.0000   0.5000   0.5872  -0.1833
  6   0.0000   1.0000   0.0000  -0.3362
  7   0.5000   1.0000   0.1953  -0.3380
  8   1.0000   1.0000   0.2625  -0.2817


 Strains and Stresses and Deformation Gradient 
 
 Element; 0   
 int pt    Coords          B_11      B_22     B_12      s_11       s_22      s_12      F_11      F_12      F_21      F_22 
    0  0.1057  0.6057    2.5031    0.4905   -0.0704    2.0486    0.3465   -0.0595    1.5813   -0.0219   -0.0219    0.7000
    1  0.3943  0.6057    2.5368    0.5094   -0.1706    2.2166    0.5477   -0.1405    1.5813   -0.0219   -0.0219    0.7134
    2  0.1057  0.8943    2.0811    0.4900   -0.0480    0.9653   -0.6029   -0.0473    1.4417   -0.0085   -0.0085    0.7000
    3  0.3943  0.8943    2.1149    0.5090   -0.1483    1.1363   -0.4003   -0.1419    1.4417   -0.0085   -0.0085    0.7134
 
 Element; 1   
 int pt    Coords          B_11      B_22     B_12      s_11       s_22      s_12      F_11      F_12      F_21      F_22 
    0  0.1057  0.1057    3.2093    0.3931   -0.0368    2.6070    0.2842   -0.0303    1.7910   -0.0057   -0.0057    0.6269
    1  0.3943  0.1057    3.2327    0.3739   -0.1071    2.4024   -0.0582   -0.0922    1.7910   -0.0057   -0.0057    0.6114
    2  0.1057  0.3943    2.8070    0.3935   -0.0620    1.7898   -0.4384   -0.0573    1.6749   -0.0211   -0.0211    0.6269
    3  0.3943  0.3943    2.8303    0.3743   -0.1324    1.5880   -0.7855   -0.1279    1.6749   -0.0211   -0.0211    0.6114
 
 Element; 2   
 int pt    Coords          B_11      B_22     B_12      s_11       s_22      s_12      F_11      F_12      F_21      F_22 
    0  0.6057  0.1057    3.8551    0.3741   -0.1767    3.4639    0.8512   -0.1327    1.9392    0.0058    0.0058    0.6116
    1  0.8943  0.1057    4.1185    0.3939   -0.3641    3.8418    1.1699   -0.2612    1.9392    0.0058    0.0058    0.6276
    2  0.6057  0.3943    2.8120    0.3746   -0.1521    1.5313   -0.8466   -0.1484    1.6485    0.0218    0.0218    0.6116
    3  0.8943  0.3943    3.0753    0.3944   -0.3395    1.9433   -0.5376   -0.3142    1.6485    0.0218    0.0218    0.6276
 
 Element; 3   
 int pt    Coords          B_11      B_22     B_12      s_11       s_22      s_12      F_11      F_12      F_21      F_22 
    0  0.6057  0.6057    2.2271    0.5441   -0.1750    1.7125    0.2475   -0.1523    1.4559    0.0456    0.0456    0.7362
    1  0.8943  0.6057    2.4368    0.6187   -0.3759    2.5259    1.1243   -0.2898    1.4559    0.0456    0.0456    0.7853
    2  0.6057  0.8943    1.5973    0.5510   -0.1259   -0.0849   -1.2665   -0.1421    1.2206    0.0947    0.0947    0.7362
    3  0.8943  0.8943    1.8070    0.6256   -0.3267    0.7677   -0.3908   -0.3204    1.2206    0.0947    0.0947    0.7853


 Step 5 Load 1.0
Nodal Displacements: 
 Node    Coords          u1          u2 
  0   0.0000   0.0000  -0.0000   0.0000
  1   0.5000   0.0000   0.5688   0.0000
  2   1.0000   0.0000   1.3427   0.0000
  3   0.0000   0.5000  -0.0000  -0.2181
  4   0.5000   0.5000   0.4496  -0.2376
  5   1.0000   0.5000   0.8445  -0.2289
  6   0.0000   1.0000   0.0000  -0.4106
  7   0.5000   1.0000   0.2988  -0.4184
  8   1.0000   1.0000   0.3986  -0.3603


 Strains and Stresses and Deformation Gradient 
 
 Element; 0   
 int pt    Coords          B_11      B_22     B_12      s_11       s_22      s_12      F_11      F_12      F_21      F_22 
    0  0.1057  0.6057    3.3729    0.3857   -0.1020    2.8048    0.3896   -0.0825    1.8354   -0.0340   -0.0340    0.6201
    1  0.3943  0.6057    3.4254    0.4026   -0.2131    2.9770    0.5991   -0.1677    1.8354   -0.0340   -0.0340    0.6336
    2  0.1057  0.8943    2.7641    0.3850   -0.0737    1.6062   -0.6625   -0.0702    1.6613   -0.0206   -0.0206    0.6201
    3  0.3943  0.8943    2.8166    0.4019   -0.1848    1.7824   -0.4518   -0.1710    1.6613   -0.0206   -0.0206    0.6336
 
 Element; 1   
 int pt    Coords          B_11      B_22     B_12      s_11       s_22      s_12      F_11      F_12      F_21      F_22 
    0  0.1057  0.1057    4.3587    0.3086   -0.0452    3.5207    0.3534   -0.0353    2.0871   -0.0082   -0.0082    0.5555
    1  0.3943  0.1057    4.3915    0.2841   -0.1174    3.2064   -0.2408   -0.0985    2.0871   -0.0082   -0.0082    0.5330
    2  0.1057  0.3943    3.8032    0.3095   -0.0879    2.6560   -0.4106   -0.0771    1.9495   -0.0307   -0.0307    0.5555
    3  0.3943  0.3943    3.8360    0.2850   -0.1601    2.3487   -1.0137   -0.1516    1.9495   -0.0307   -0.0307    0.5330
 
 Element; 2   
 int pt    Coords          B_11      B_22     B_12      s_11       s_22      s_12      F_11      F_12      F_21      F_22 
    0  0.6057  0.1057    5.8601    0.2793   -0.2018    4.9900    1.2093   -0.1367    2.3877    0.0037    0.0037    0.5284
    1  0.8943  0.1057    6.4005    0.2900   -0.4415    5.4027    1.3999   -0.2892    2.3877    0.0037    0.0037    0.5385
    2  0.6057  0.3943    3.9618    0.2794   -0.1837    2.4479   -1.0237   -0.1732    1.9501    0.0138    0.0138    0.5284
    3  0.8943  0.3943    4.5021    0.2902   -0.4234    2.9440   -0.8680   -0.3832    1.9501    0.0138    0.0138    0.5385
 
 Element; 3   
 int pt    Coords          B_11      B_22     B_12      s_11       s_22      s_12      F_11      F_12      F_21      F_22 
    0  0.6057  0.6057    2.9545    0.4363   -0.2173    2.3881    0.2856   -0.1814    1.6652    0.0383    0.0383    0.6594
    1  0.8943  0.6057    3.3613    0.5147   -0.4858    3.4655    1.4284   -0.3477    1.6652    0.0383    0.0383    0.7164
    2  0.6057  0.8943    1.9354    0.4439   -0.1549    0.0786   -1.6546   -0.1800    1.3243    0.0953    0.0953    0.6594
    3  0.8943  0.8943    2.3423    0.5223   -0.4234    1.2352   -0.5204   -0.4084    1.3243    0.0953    0.0953    0.7164
