

 Step 1.000000 Load 0.200000
Nodal Displacements: 
 Node      Coords         u1       u2 
  1   0.0000   0.0000  -0.0000   0.0000
  2   1.0000   0.0000   0.2117   0.0000
  3   2.0000   0.0000   0.4233   0.0000
  4   0.0000   1.0000   0.0000  -0.1482
  5   1.0000   1.0000   0.2117  -0.1482
  6   2.0000   1.0000   0.4233  -0.1482
  7   0.0000   2.0000  -0.0000  -0.2963
  8   1.0000   2.0000   0.2117  -0.2963
  9   2.0000   2.0000   0.4233  -0.2963


 Strains and Stresses 
 
 Element; 1   
 int pt    Coords          B_11      B_22     B_12      s_11       s_22      s_12      F_11      F_12      F_21      F_22 
    1  0.2113  0.2113    1.4681    0.7256   -0.0000    0.7044    0.0000   -0.0000    1.2117   -0.0000    0.0000    0.8518 
    2  0.7887  0.2113    1.4681    0.7256   -0.0000    0.7044    0.0000   -0.0000    1.2117   -0.0000    0.0000    0.8518 
    3  0.2113  0.7887    1.4681    0.7256    0.0000    0.7044    0.0000    0.0000    1.2117   -0.0000    0.0000    0.8518 
    4  0.7887  0.7887    1.4681    0.7256   -0.0000    0.7044    0.0000   -0.0000    1.2117   -0.0000    0.0000    0.8518 
 
 Element; 2   
 int pt    Coords          B_11      B_22     B_12      s_11       s_22      s_12      F_11      F_12      F_21      F_22 
    1  1.2113  0.2113    1.4681    0.7256   -0.0000    0.7044    0.0000   -0.0000    1.2117   -0.0000    0.0000    0.8518 
    2  1.7887  0.2113    1.4681    0.7256    0.0000    0.7044    0.0000    0.0000    1.2117    0.0000    0.0000    0.8518 
    3  1.2113  0.7887    1.4681    0.7256   -0.0000    0.7044    0.0000   -0.0000    1.2117   -0.0000    0.0000    0.8518 
    4  1.7887  0.7887    1.4681    0.7256    0.0000    0.7044    0.0000    0.0000    1.2117    0.0000    0.0000    0.8518 
 
 Element; 3   
 int pt    Coords          B_11      B_22     B_12      s_11       s_22      s_12      F_11      F_12      F_21      F_22 
    1  1.2113  1.2113    1.4681    0.7256    0.0000    0.7044    0.0000    0.0000    1.2117    0.0000    0.0000    0.8518 
    2  1.7887  1.2113    1.4681    0.7256    0.0000    0.7044    0.0000    0.0000    1.2117    0.0000    0.0000    0.8518 
    3  1.2113  1.7887    1.4681    0.7256    0.0000    0.7044    0.0000    0.0000    1.2117    0.0000    0.0000    0.8518 
    4  1.7887  1.7887    1.4681    0.7256    0.0000    0.7044    0.0000    0.0000    1.2117    0.0000    0.0000    0.8518 
 
 Element; 4   
 int pt    Coords          B_11      B_22     B_12      s_11       s_22      s_12      F_11      F_12      F_21      F_22 
    1  0.2113  1.2113    1.4681    0.7256    0.0000    0.7044    0.0000    0.0000    1.2117   -0.0000    0.0000    0.8518 
    2  0.7887  1.2113    1.4681    0.7256    0.0000    0.7044    0.0000    0.0000    1.2117   -0.0000    0.0000    0.8518 
    3  0.2113  1.7887    1.4681    0.7256   -0.0000    0.7044    0.0000   -0.0000    1.2117   -0.0000   -0.0000    0.8518 
    4  0.7887  1.7887    1.4681    0.7256   -0.0000    0.7044    0.0000   -0.0000    1.2117   -0.0000   -0.0000    0.8518 


 Step 2.000000 Load 0.400000
Nodal Displacements: 
 Node      Coords         u1       u2 
  1   0.0000   0.0000  -0.0000  -0.0000
  2   1.0000   0.0000   0.5613  -0.0000
  3   2.0000   0.0000   1.1225   0.0000
  4   0.0000   1.0000   0.0000  -0.3122
  5   1.0000   1.0000   0.5613  -0.3122
  6   2.0000   1.0000   1.1225  -0.3122
  7   0.0000   2.0000   0.0000  -0.6245
  8   1.0000   2.0000   0.5613  -0.6245
  9   2.0000   2.0000   1.1225  -0.6245


 Strains and Stresses 
 
 Element; 1   
 int pt    Coords          B_11      B_22     B_12      s_11       s_22      s_12      F_11      F_12      F_21      F_22 
    1  0.2113  0.2113    2.4376    0.4730    0.0000    1.7448   -0.0000    0.0000    1.5613    0.0000    0.0000    0.6878 
    2  0.7887  0.2113    2.4376    0.4730    0.0000    1.7448   -0.0000    0.0000    1.5613    0.0000    0.0000    0.6878 
    3  0.2113  0.7887    2.4376    0.4730    0.0000    1.7448   -0.0000    0.0000    1.5613    0.0000    0.0000    0.6878 
    4  0.7887  0.7887    2.4376    0.4730    0.0000    1.7448   -0.0000    0.0000    1.5613    0.0000    0.0000    0.6878 
 
 Element; 2   
 int pt    Coords          B_11      B_22     B_12      s_11       s_22      s_12      F_11      F_12      F_21      F_22 
    1  1.2113  0.2113    2.4376    0.4730   -0.0000    1.7448   -0.0000   -0.0000    1.5613   -0.0000    0.0000    0.6878 
    2  1.7887  0.2113    2.4376    0.4730   -0.0000    1.7448   -0.0000   -0.0000    1.5613   -0.0000    0.0000    0.6878 
    3  1.2113  0.7887    2.4376    0.4730   -0.0000    1.7448   -0.0000   -0.0000    1.5613   -0.0000    0.0000    0.6878 
    4  1.7887  0.7887    2.4376    0.4730   -0.0000    1.7448   -0.0000   -0.0000    1.5613   -0.0000    0.0000    0.6878 
 
 Element; 3   
 int pt    Coords          B_11      B_22     B_12      s_11       s_22      s_12      F_11      F_12      F_21      F_22 
    1  1.2113  1.2113    2.4376    0.4730    0.0000    1.7448   -0.0000    0.0000    1.5613    0.0000    0.0000    0.6878 
    2  1.7887  1.2113    2.4376    0.4730    0.0000    1.7448   -0.0000    0.0000    1.5613   -0.0000    0.0000    0.6878 
    3  1.2113  1.7887    2.4376    0.4730    0.0000    1.7448   -0.0000    0.0000    1.5613    0.0000    0.0000    0.6878 
    4  1.7887  1.7887    2.4376    0.4730    0.0000    1.7448   -0.0000    0.0000    1.5613   -0.0000    0.0000    0.6878 
 
 Element; 4   
 int pt    Coords          B_11      B_22     B_12      s_11       s_22      s_12      F_11      F_12      F_21      F_22 
    1  0.2113  1.2113    2.4376    0.4730    0.0000    1.7448   -0.0000    0.0000    1.5613    0.0000    0.0000    0.6878 
    2  0.7887  1.2113    2.4376    0.4730    0.0000    1.7448   -0.0000    0.0000    1.5613    0.0000    0.0000    0.6878 
    3  0.2113  1.7887    2.4376    0.4730    0.0000    1.7448   -0.0000    0.0000    1.5613    0.0000    0.0000    0.6878 
    4  0.7887  1.7887    2.4376    0.4730    0.0000    1.7448   -0.0000    0.0000    1.5613    0.0000    0.0000    0.6878 


 Step 3.000000 Load 0.600000
Nodal Displacements: 
 Node      Coords         u1       u2 
  1   0.0000   0.0000   0.0000  -0.0000
  2   1.0000   0.0000   1.0926   0.0000
  3   2.0000   0.0000   2.1852   0.0000
  4   0.0000   1.0000  -0.0000  -0.4598
  5   1.0000   1.0000   1.0926  -0.4598
  6   2.0000   1.0000   2.1852  -0.4598
  7   0.0000   2.0000   0.0000  -0.9197
  8   1.0000   2.0000   1.0926  -0.9197
  9   2.0000   2.0000   2.1852  -0.9197


 Strains and Stresses 
 
 Element; 1   
 int pt    Coords          B_11      B_22     B_12      s_11       s_22      s_12      F_11      F_12      F_21      F_22 
    1  0.2113  0.2113    4.3790    0.2918    0.0000    3.3324   -0.0000    0.0000    2.0926    0.0000    0.0000    0.5402 
    2  0.7887  0.2113    4.3790    0.2918    0.0000    3.3324    0.0000    0.0000    2.0926    0.0000    0.0000    0.5402 
    3  0.2113  0.7887    4.3790    0.2918    0.0000    3.3324    0.0000    0.0000    2.0926    0.0000    0.0000    0.5402 
    4  0.7887  0.7887    4.3790    0.2918    0.0000    3.3324    0.0000    0.0000    2.0926    0.0000    0.0000    0.5402 
 
 Element; 2   
 int pt    Coords          B_11      B_22     B_12      s_11       s_22      s_12      F_11      F_12      F_21      F_22 
    1  1.2113  0.2113    4.3790    0.2918    0.0000    3.3324    0.0000    0.0000    2.0926    0.0000   -0.0000    0.5402 
    2  1.7887  0.2113    4.3790    0.2918    0.0000    3.3324   -0.0000    0.0000    2.0926    0.0000   -0.0000    0.5402 
    3  1.2113  0.7887    4.3790    0.2918   -0.0000    3.3324    0.0000   -0.0000    2.0926    0.0000   -0.0000    0.5402 
    4  1.7887  0.7887    4.3790    0.2918   -0.0000    3.3324   -0.0000   -0.0000    2.0926    0.0000   -0.0000    0.5402 
 
 Element; 3   
 int pt    Coords          B_11      B_22     B_12      s_11       s_22      s_12      F_11      F_12      F_21      F_22 
    1  1.2113  1.2113    4.3790    0.2918   -0.0000    3.3324   -0.0000   -0.0000    2.0926    0.0000   -0.0000    0.5402 
    2  1.7887  1.2113    4.3790    0.2918    0.0000    3.3324    0.0000    0.0000    2.0926    0.0000   -0.0000    0.5402 
    3  1.2113  1.7887    4.3790    0.2918    0.0000    3.3324    0.0000    0.0000    2.0926    0.0000    0.0000    0.5402 
    4  1.7887  1.7887    4.3790    0.2918    0.0000    3.3324    0.0000    0.0000    2.0926    0.0000    0.0000    0.5402 
 
 Element; 4   
 int pt    Coords          B_11      B_22     B_12      s_11       s_22      s_12      F_11      F_12      F_21      F_22 
    1  0.2113  1.2113    4.3790    0.2918   -0.0000    3.3324    0.0000   -0.0000    2.0926    0.0000   -0.0000    0.5402 
    2  0.7887  1.2113    4.3790    0.2918   -0.0000    3.3324   -0.0000   -0.0000    2.0926    0.0000   -0.0000    0.5402 
    3  0.2113  1.7887    4.3790    0.2918   -0.0000    3.3324    0.0000   -0.0000    2.0926    0.0000   -0.0000    0.5402 
    4  0.7887  1.7887    4.3790    0.2918   -0.0000    3.3324   -0.0000   -0.0000    2.0926    0.0000   -0.0000    0.5402 


 Step 4.000000 Load 0.800000
Nodal Displacements: 
 Node      Coords         u1       u2 
  1   0.0000   0.0000  -0.0000   0.0000
  2   1.0000   0.0000   1.7846  -0.0000
  3   2.0000   0.0000   3.5692   0.0000
  4   0.0000   1.0000   0.0000  -0.5673
  5   1.0000   1.0000   1.7846  -0.5673
  6   2.0000   1.0000   3.5692  -0.5673
  7   0.0000   2.0000   0.0000  -1.1347
  8   1.0000   2.0000   1.7846  -1.1347
  9   2.0000   2.0000   3.5692  -1.1347


 Strains and Stresses 
 
 Element; 1   
 int pt    Coords          B_11      B_22     B_12      s_11       s_22      s_12      F_11      F_12      F_21      F_22 
    1  0.2113  0.2113    7.7539    0.1872    0.0000    5.5471   -0.0000    0.0000    2.7846    0.0000    0.0000    0.4327 
    2  0.7887  0.2113    7.7539    0.1872    0.0000    5.5471   -0.0000    0.0000    2.7846    0.0000    0.0000    0.4327 
    3  0.2113  0.7887    7.7539    0.1872    0.0000    5.5471   -0.0000    0.0000    2.7846    0.0000    0.0000    0.4327 
    4  0.7887  0.7887    7.7539    0.1872    0.0000    5.5471   -0.0000    0.0000    2.7846    0.0000    0.0000    0.4327 
 
 Element; 2   
 int pt    Coords          B_11      B_22     B_12      s_11       s_22      s_12      F_11      F_12      F_21      F_22 
    1  1.2113  0.2113    7.7539    0.1872   -0.0000    5.5471   -0.0000   -0.0000    2.7846   -0.0000   -0.0000    0.4327 
    2  1.7887  0.2113    7.7539    0.1872   -0.0000    5.5471   -0.0000   -0.0000    2.7846   -0.0000   -0.0000    0.4327 
    3  1.2113  0.7887    7.7539    0.1872   -0.0000    5.5471   -0.0000   -0.0000    2.7846   -0.0000   -0.0000    0.4327 
    4  1.7887  0.7887    7.7539    0.1872   -0.0000    5.5471   -0.0000   -0.0000    2.7846    0.0000   -0.0000    0.4327 
 
 Element; 3   
 int pt    Coords          B_11      B_22     B_12      s_11       s_22      s_12      F_11      F_12      F_21      F_22 
    1  1.2113  1.2113    7.7539    0.1872   -0.0000    5.5471   -0.0000   -0.0000    2.7846   -0.0000    0.0000    0.4327 
    2  1.7887  1.2113    7.7539    0.1872   -0.0000    5.5471   -0.0000   -0.0000    2.7846   -0.0000    0.0000    0.4327 
    3  1.2113  1.7887    7.7539    0.1872    0.0000    5.5471   -0.0000    0.0000    2.7846   -0.0000    0.0000    0.4327 
    4  1.7887  1.7887    7.7539    0.1872    0.0000    5.5471   -0.0000    0.0000    2.7846    0.0000    0.0000    0.4327 
 
 Element; 4   
 int pt    Coords          B_11      B_22     B_12      s_11       s_22      s_12      F_11      F_12      F_21      F_22 
    1  0.2113  1.2113    7.7539    0.1872    0.0000    5.5471   -0.0000    0.0000    2.7846    0.0000    0.0000    0.4327 
    2  0.7887  1.2113    7.7539    0.1872    0.0000    5.5471   -0.0000    0.0000    2.7846    0.0000    0.0000    0.4327 
    3  0.2113  1.7887    7.7539    0.1872   -0.0000    5.5471   -0.0000   -0.0000    2.7846    0.0000   -0.0000    0.4327 
    4  0.7887  1.7887    7.7539    0.1872   -0.0000    5.5471   -0.0000   -0.0000    2.7846    0.0000   -0.0000    0.4327 


 Step 5.000000 Load 1.000000
Nodal Displacements: 
 Node      Coords         u1       u2 
  1   0.0000   0.0000  -0.0000  -0.0000
  2   1.0000   0.0000   2.6033  -0.0000
  3   2.0000   0.0000   5.2066   0.0000
  4   0.0000   1.0000   0.0000  -0.6401
  5   1.0000   1.0000   2.6033  -0.6401
  6   2.0000   1.0000   5.2066  -0.6401
  7   0.0000   2.0000   0.0000  -1.2803
  8   1.0000   2.0000   2.6033  -1.2803
  9   2.0000   2.0000   5.2066  -1.2803


 Strains and Stresses 
 
 Element; 1   
 int pt    Coords          B_11      B_22     B_12      s_11       s_22      s_12      F_11      F_12      F_21      F_22 
    1  0.2113  0.2113   12.9838    0.1295   -0.0000    8.3365   -0.0000   -0.0000    3.6033    0.0000   -0.0000    0.3599 
    2  0.7887  0.2113   12.9838    0.1295    0.0000    8.3365   -0.0000    0.0000    3.6033    0.0000   -0.0000    0.3599 
    3  0.2113  0.7887   12.9838    0.1295    0.0000    8.3365   -0.0000    0.0000    3.6033    0.0000    0.0000    0.3599 
    4  0.7887  0.7887   12.9838    0.1295    0.0000    8.3365   -0.0000    0.0000    3.6033    0.0000    0.0000    0.3599 
 
 Element; 2   
 int pt    Coords          B_11      B_22     B_12      s_11       s_22      s_12      F_11      F_12      F_21      F_22 
    1  1.2113  0.2113   12.9838    0.1295    0.0000    8.3365   -0.0000    0.0000    3.6033    0.0000    0.0000    0.3599 
    2  1.7887  0.2113   12.9838    0.1295   -0.0000    8.3365   -0.0000   -0.0000    3.6033   -0.0000    0.0000    0.3599 
    3  1.2113  0.7887   12.9838    0.1295    0.0000    8.3365   -0.0000    0.0000    3.6033    0.0000    0.0000    0.3599 
    4  1.7887  0.7887   12.9838    0.1295   -0.0000    8.3365   -0.0000   -0.0000    3.6033   -0.0000    0.0000    0.3599 
 
 Element; 3   
 int pt    Coords          B_11      B_22     B_12      s_11       s_22      s_12      F_11      F_12      F_21      F_22 
    1  1.2113  1.2113   12.9838    0.1295   -0.0000    8.3365   -0.0000   -0.0000    3.6033   -0.0000    0.0000    0.3599 
    2  1.7887  1.2113   12.9838    0.1295    0.0000    8.3365   -0.0000    0.0000    3.6033    0.0000    0.0000    0.3599 
    3  1.2113  1.7887   12.9838    0.1295    0.0000    8.3365   -0.0000    0.0000    3.6033   -0.0000    0.0000    0.3599 
    4  1.7887  1.7887   12.9838    0.1295    0.0000    8.3365   -0.0000    0.0000    3.6033    0.0000    0.0000    0.3599 
 
 Element; 4   
 int pt    Coords          B_11      B_22     B_12      s_11       s_22      s_12      F_11      F_12      F_21      F_22 
    1  0.2113  1.2113   12.9838    0.1295   -0.0000    8.3365   -0.0000   -0.0000    3.6033    0.0000   -0.0000    0.3599 
    2  0.7887  1.2113   12.9838    0.1295   -0.0000    8.3365   -0.0000   -0.0000    3.6033   -0.0000   -0.0000    0.3599 
    3  0.2113  1.7887   12.9838    0.1295   -0.0000    8.3365   -0.0000   -0.0000    3.6033    0.0000   -0.0000    0.3599 
    4  0.7887  1.7887   12.9838    0.1295   -0.0000    8.3365   -0.0000   -0.0000    3.6033   -0.0000   -0.0000    0.3599 
