

 Step 1 Load 0.2
Nodal Displacements: 
 Node    Coords          u1          u2 
  0   0.0000   0.0000  -0.0000  -0.0000
  1   1.0000   0.0000   0.2117   0.0000
  2   1.0000   1.0000   0.2117  -0.1482
  3   0.0000   1.0000   0.0000  -0.1482


 Strains and Stresses and Deformation Gradient 
 
 Element; 0   
 int pt    Coords          B_11      B_22     B_12      s_11       s_22      s_12      F_11      F_12      F_21      F_22 
    0  0.2113  0.2113    1.4681    0.7256   -0.0000    0.7043   -0.0000   -0.0000    1.2117   -0.0000   -0.0000    0.8518
    1  0.7887  0.2113    1.4681    0.7256    0.0000    0.7043   -0.0000    0.0000    1.2117   -0.0000   -0.0000    0.8518
    2  0.2113  0.7887    1.4681    0.7256   -0.0000    0.7043   -0.0000   -0.0000    1.2117   -0.0000   -0.0000    0.8518
    3  0.7887  0.7887    1.4681    0.7256   -0.0000    0.7043   -0.0000   -0.0000    1.2117   -0.0000   -0.0000    0.8518


 Step 2 Load 0.4
Nodal Displacements: 
 Node    Coords          u1          u2 
  0   0.0000   0.0000  -0.0000  -0.0000
  1   1.0000   0.0000   0.5613  -0.0000
  2   1.0000   1.0000   0.5613  -0.3122
  3   0.0000   1.0000   0.0000  -0.3122


 Strains and Stresses and Deformation Gradient 
 
 Element; 0   
 int pt    Coords          B_11      B_22     B_12      s_11       s_22      s_12      F_11      F_12      F_21      F_22 
    0  0.2113  0.2113    2.4375    0.4730   -0.0000    1.7448   -0.0000   -0.0000    1.5613   -0.0000   -0.0000    0.6878
    1  0.7887  0.2113    2.4375    0.4730   -0.0000    1.7448   -0.0000   -0.0000    1.5613   -0.0000   -0.0000    0.6878
    2  0.2113  0.7887    2.4375    0.4730   -0.0000    1.7448   -0.0000   -0.0000    1.5613   -0.0000   -0.0000    0.6878
    3  0.7887  0.7887    2.4375    0.4730   -0.0000    1.7448   -0.0000   -0.0000    1.5613   -0.0000   -0.0000    0.6878


 Step 3 Load 0.6
Nodal Displacements: 
 Node    Coords          u1          u2 
  0   0.0000   0.0000  -0.0000   0.0000
  1   1.0000   0.0000   1.0925   0.0000
  2   1.0000   1.0000   1.0925  -0.4598
  3   0.0000   1.0000   0.0000  -0.4598


 Strains and Stresses and Deformation Gradient 
 
 Element; 0   
 int pt    Coords          B_11      B_22     B_12      s_11       s_22      s_12      F_11      F_12      F_21      F_22 
    0  0.2113  0.2113    4.3787    0.2918   -0.0000    3.3322   -0.0000   -0.0000    2.0925    0.0000    0.0000    0.5402
    1  0.7887  0.2113    4.3787    0.2918   -0.0000    3.3322   -0.0000   -0.0000    2.0925    0.0000    0.0000    0.5402
    2  0.2113  0.7887    4.3787    0.2918    0.0000    3.3322   -0.0000    0.0000    2.0925    0.0000    0.0000    0.5402
    3  0.7887  0.7887    4.3787    0.2918   -0.0000    3.3322   -0.0000   -0.0000    2.0925    0.0000    0.0000    0.5402


 Step 4 Load 0.8
Nodal Displacements: 
 Node    Coords          u1          u2 
  0   0.0000   0.0000   0.0000   0.0000
  1   1.0000   0.0000   1.7844  -0.0000
  2   1.0000   1.0000   1.7844  -0.5673
  3   0.0000   1.0000   0.0000  -0.5673


 Strains and Stresses and Deformation Gradient 
 
 Element; 0   
 int pt    Coords          B_11      B_22     B_12      s_11       s_22      s_12      F_11      F_12      F_21      F_22 
    0  0.2113  0.2113    7.7530    0.1872    0.0000    5.5466   -0.0000    0.0000    2.7844    0.0000    0.0000    0.4327
    1  0.7887  0.2113    7.7530    0.1872    0.0000    5.5466   -0.0000    0.0000    2.7844    0.0000    0.0000    0.4327
    2  0.2113  0.7887    7.7530    0.1872    0.0000    5.5466   -0.0000    0.0000    2.7844    0.0000    0.0000    0.4327
    3  0.7887  0.7887    7.7530    0.1872    0.0000    5.5466   -0.0000    0.0000    2.7844    0.0000    0.0000    0.4327


 Step 5 Load 1.0
Nodal Displacements: 
 Node    Coords          u1          u2 
  0   0.0000   0.0000  -0.0000  -0.0000
  1   1.0000   0.0000   2.6031   0.0000
  2   1.0000   1.0000   2.6031  -0.6401
  3   0.0000   1.0000   0.0000  -0.6401


 Strains and Stresses and Deformation Gradient 
 
 Element; 0   
 int pt    Coords          B_11      B_22     B_12      s_11       s_22      s_12      F_11      F_12      F_21      F_22 
    0  0.2113  0.2113   12.9824    0.1295    0.0000    8.3358   -0.0000    0.0000    3.6031    0.0000    0.0000    0.3599
    1  0.7887  0.2113   12.9824    0.1295    0.0000    8.3358   -0.0000    0.0000    3.6031    0.0000    0.0000    0.3599
    2  0.2113  0.7887   12.9824    0.1295    0.0000    8.3358   -0.0000    0.0000    3.6031    0.0000    0.0000    0.3599
    3  0.7887  0.7887   12.9824    0.1295    0.0000    8.3358   -0.0000    0.0000    3.6031    0.0000    0.0000    0.3599
