TIME	X	Y	Z	ROTX	ROTY	ROTZ	FX	FY	FZ	MX	MY	MZ
0.000000e+00	0.000000e+00	4.545455e+00	0.000000e+00	0.000000e+00	0.000000e+00	0.000000e+00	0.000000e+00	0.000000e+00	0.000000e+00	0.000000e+00	0.000000e+00	0.000000e+00
5.000000e-04	3.409093e-04	4.545796e+00	7.534475e-08	-2.429044e-10	-1.445506e-14	2.499684e-05	-7.055871e+01	1.303412e-01	-3.581083e-09	-1.179487e-09	1.267809e-08	-1.633368e-01
1.000000e-03	6.818185e-04	4.546137e+00	-9.994903e-08	-1.186710e-09	-5.819406e-14	4.998410e-05	-1.413031e+02	-1.806277e-01	-4.352390e-09	-7.074890e-09	2.065023e-08	2.138874e-01
1.500000e-03	1.022728e-03	4.546478e+00	5.740659e-08	-3.048058e-09	-1.161826e-13	7.496658e-05	-2.122705e+02	8.501651e-02	-2.032709e-09	6.526071e-09	8.110375e-09	-1.243108e-01
2.000000e-03	1.363637e-03	4.546819e+00	2.345870e-08	-5.600657e-09	-2.705788e-13	9.993993e-05	-2.834251e+02	1.019965e-02	-5.066286e-10	7.854726e-09	2.801700e-09	-4.747784e-02
2.750000e-03	1.875001e-03	4.547330e+00	-6.403913e-08	-1.018700e-08	-7.168380e-13	1.373855e-04	-3.905339e+02	-1.637954e-01	-1.125764e-09	-1.113280e-08	7.644596e-09	1.356258e-01
3.500000e-03	2.386365e-03	4.547841e+00	6.166376e-08	-1.561373e-08	-1.382180e-12	1.748158e-04	-4.981193e+02	2.109843e-02	5.045383e-10	-1.037729e-08	7.235681e-09	-1.333458e-01
4.250000e-03	2.897729e-03	4.548353e+00	-1.817814e-08	-2.171210e-08	-2.309035e-12	2.122274e-04	-6.061492e+02	-1.630109e-01	-9.723914e-11	-5.569526e-09	6.773235e-10	4.215838e-02
5.000000e-03	3.409092e-03	4.548864e+00	-3.716551e-08	-2.821600e-08	-3.534501e-12	2.496222e-04	-7.146497e+02	-2.412249e-01	-2.247515e-10	8.300037e-10	2.518969e-09	7.713781e-02
5.562500e-03	3.792615e-03	4.549248e+00	8.162634e-08	-3.434843e-08	-4.802771e-12	2.776583e-04	-7.963445e+02	-7.840771e-02	-3.265955e-06	7.503400e-06	2.999400e-07	-1.761934e-01
6.125000e-03	4.176138e-03	4.549631e+00	-7.126595e-08	-4.315885e-08	-6.629161e-12	3.056824e-04	-8.782789e+02	-3.969493e-01	-3.225990e-06	7.419160e-06	2.930719e-07	1.577591e-01
6.687500e-03	4.559661e-03	4.550015e+00	1.327072e-08	-5.545537e-08	-9.275107e-12	3.336988e-04	-9.605024e+02	-2.933422e-01	-3.187016e-06	7.341191e-06	2.793927e-07	-3.413623e-02
7.250000e-03	4.943184e-03	4.550398e+00	5.333272e-08	-7.099005e-08	-1.288568e-11	3.617052e-04	-1.042989e+03	-2.868506e-01	-3.145604e-06	7.235349e-06	2.796482e-07	-1.122538e-01
8.093750e-03	5.518468e-03	4.550973e+00	-6.775128e-08	-1.623823e-07	-3.202935e-11	4.036950e-04	-1.167206e+03	-5.918478e-01	3.585093e-07	7.305765e-07	9.362725e-08	1.474888e-01
8.937500e-03	6.093753e-03	4.551549e+00	3.693434e-08	-4.124491e-07	-9.132885e-11	4.456651e-04	-1.292057e+03	-5.086528e-01	4.128532e-07	8.562254e-07	8.990379e-08	-8.435572e-02
9.781250e-03	6.669037e-03	4.552124e+00	1.827373e-08	-8.988545e-07	-2.190585e-10	4.876130e-04	-1.417511e+03	-6.645364e-01	4.667436e-07	9.733078e-07	9.083773e-08	-3.496762e-02
1.062500e-02	7.244322e-03	4.552699e+00	-6.092505e-08	-1.646460e-06	-4.368206e-10	5.295388e-04	-1.543578e+03	-9.258925e-01	5.322588e-07	1.103929e-06	1.003180e-07	1.310325e-01
1.125781e-02	7.675785e-03	4.553131e+00	7.012465e-08	-2.463624e-06	-6.941967e-10	5.609710e-04	-1.638559e+03	-7.943010e-01	-4.003020e-05	1.255088e-04	3.382364e-06	-1.571599e-01
1.189063e-02	8.107248e-03	4.553562e+00	-3.242902e-08	-3.615849e-06	-1.076211e-09	5.923896e-04	-1.733868e+03	-1.093928e+00	-3.987690e-05	1.254675e-04	3.345713e-06	7.847374e-02
1.252344e-02	8.538711e-03	4.553994e+00	-2.673285e-08	-5.055202e-06	-1.585044e-09	6.237973e-04	-1.829545e+03	-1.187467e+00	5.836116e-08	1.437702e-07	-4.525537e-09	5.249456e-02
1.315625e-02	8.970175e-03	4.554425e+00	6.772454e-08	-6.740472e-06	-2.220380e-09	6.551942e-04	-1.925591e+03	-1.145389e+00	-3.962732e-05	1.253012e-04	3.299038e-06	-1.484965e-01
1.363086e-02	9.293772e-03	4.554749e+00	-6.931559e-08	-8.112602e-06	-2.768890e-09	6.787323e-04	-1.997836e+03	-1.491271e+00	2.847519e-10	4.550749e-10	1.399886e-08	1.609493e-01
1.410547e-02	9.617370e-03	4.555072e+00	2.440433e-08	-9.554456e-06	-3.374889e-09	7.022658e-04	-2.070315e+03	-1.405467e+00	-9.209112e-10	-2.938701e-09	5.642341e-09	-6.608983e-02
1.458008e-02	9.940967e-03	4.555396e+00	3.669264e-08	-1.099650e-05	-4.015187e-09	7.257917e-04	-2.142986e+03	-1.502035e+00	8.905051e-10	-5.304130e-09	6.578699e-09	-7.283916e-02
1.505469e-02	1.026456e-02	4.555720e+00	-7.292716e-08	-1.243922e-05	-4.689873e-09	7.493097e-04	-2.215848e+03	-1.799075e+00	-2.082944e-09	-1.640365e-08	1.470748e-08	1.631966e-01
1.576660e-02	1.074996e-02	4.556205e+00	5.623054e-08	-1.460412e-05	-5.767306e-09	7.845766e-04	-2.325566e+03	-1.724170e+00	-6.967765e-10	-4.127471e-09	6.558704e-09	-1.327533e-01
1.647852e-02	1.123536e-02	4.556690e+00	-2.117059e-09	-1.676984e-05	-6.921965e-09	8.198266e-04	-2.435727e+03	-2.016414e+00	-1.076846e-10	-5.500715e-10	2.664807e-11	1.379763e-02
1.719043e-02	1.172075e-02	4.557176e+00	-5.308669e-08	-1.893758e-05	-8.154974e-09	8.550609e-04	-2.546360e+03	-2.279514e+00	-1.079991e-09	-1.067527e-09	5.320414e-09	1.143575e-01
1.790234e-02	1.220615e-02	4.557661e+00	7.254089e-08	-2.110609e-05	-9.466442e-09	8.902815e-04	-2.657491e+03	-2.241782e+00	-2.479779e-09	-1.211601e-08	1.061592e-08	-1.662651e-01
1.843628e-02	1.257020e-02	4.558025e+00	-4.190252e-08	-2.273352e-05	-1.050063e-08	9.166850e-04	-2.741123e+03	-2.610577e+00	-1.446628e-07	3.395622e-07	1.643050e-08	1.061373e-01
1.897021e-02	1.293424e-02	4.558389e+00	-1.664826e-08	-2.436234e-05	-1.157976e-08	9.430810e-04	-2.825046e+03	-2.697104e+00	-1.431434e-07	3.456713e-07	1.258951e-08	2.476330e-02
1.950415e-02	1.329829e-02	4.558753e+00	6.378206e-08	-2.599201e-05	-1.270324e-08	9.694688e-04	-2.909247e+03	-2.721515e+00	-1.410168e-07	3.168914e-07	1.979699e-08	-1.391510e-01
2.003809e-02	1.366234e-02	4.559117e+00	-6.799795e-08	-2.762323e-05	-1.387028e-08	9.958458e-04	-2.993689e+03	-3.126757e+00	-1.367005e-07	3.143724e-07	2.130710e-08	1.607514e-01
2.083899e-02	1.420841e-02	4.559663e+00	3.283908e-08	-3.007480e-05	-1.570689e-08	1.035398e-03	-3.120914e+03	-3.178826e+00	2.301531e-08	4.729196e-08	3.717339e-09	-8.583180e-02
2.163989e-02	1.475448e-02	4.560209e+00	2.396241e-08	-3.253367e-05	-1.764563e-08	1.074930e-03	-3.248742e+03	-3.473779e+00	2.484118e-08	5.719997e-08	2.195771e-09	-4.631318e-02
2.244080e-02	1.530055e-02	4.560756e+00	-6.440535e-08	-3.500467e-05	-1.968989e-08	1.114440e-03	-3.377185e+03	-3.904746e+00	2.970991e-08	5.360428e-08	9.575883e-09	1.475815e-01
2.324170e-02	1.584662e-02	4.561302e+00	6.164919e-08	-3.748732e-05	-2.184188e-08	1.153933e-03	-3.506294e+03	-3.947881e+00	3.111723e-08	5.737933e-08	9.308242e-09	-1.504512e-01
2.384238e-02	1.625617e-02	4.561711e+00	-1.012243e-08	-3.936652e-05	-2.353069e-08	1.183539e-03	-3.603516e+03	-4.320921e+00	-2.010156e-05	4.811952e-05	1.598970e-06	3.723787e-02
2.444305e-02	1.666573e-02	4.562121e+00	-4.790064e-08	-4.127500e-05	-2.529464e-08	1.213133e-03	-3.701105e+03	-4.599487e+00	-1.995256e-05	4.778979e-05	1.585524e-06	1.007812e-01
2.504373e-02	1.707528e-02	4.562530e+00	7.360396e-08	-4.322106e-05	-2.714104e-08	1.242718e-03	-3.799082e+03	-4.612070e+00	-1.977807e-05	4.738535e-05	1.573067e-06	-1.716353e-01
2.564441e-02	1.748483e-02	4.562940e+00	-4.997905e-08	-4.520517e-05	-2.906885e-08	1.272290e-03	-3.897381e+03	-5.094699e+00	-1.961636e-05	4.704422e-05	1.549350e-06	1.280137e-01
2.609492e-02	1.779200e-02	4.563247e+00	-2.031331e-08	-4.671149e-05	-3.056709e-08	1.294462e-03	-3.971370e+03	-5.198926e+00	4.746771e-09	1.037781e-08	1.110121e-08	2.970541e-02
2.654543e-02	1.809916e-02	4.563554e+00	7.668488e-08	-4.822272e-05	-3.210330e-08	1.316629e-03	-4.045575e+03	-5.226592e+00	5.072749e-09	3.779092e-09	2.187123e-08	-1.676205e-01
2.699593e-02	1.840633e-02	4.563861e+00	-8.135124e-08	-4.973257e-05	-3.367077e-08	1.338786e-03	-4.119944e+03	-5.710649e+00	4.707919e-09	-1.027752e-09	2.443068e-08	1.937605e-01
2.744644e-02	1.871349e-02	4.564168e+00	3.138990e-08	-5.124100e-05	-3.527400e-08	1.360940e-03	-4.194573e+03	-5.674881e+00	5.892545e-09	1.320146e-08	1.308191e-08	-9.068454e-02
2.812220e-02	1.917424e-02	4.564629e+00	1.933704e-08	-5.350157e-05	-3.773986e-08	1.394158e-03	-4.306873e+03	-6.024412e+00	5.343995e-05	1.221938e-04	-5.538810e-06	-2.839450e-02
2.879797e-02	1.963499e-02	4.565090e+00	-5.685079e-08	-5.576235e-05	-4.028243e-08	1.427360e-03	-4.419640e+03	-6.458883e+00	5.451030e-05	1.246501e-04	-5.661456e-06	1.286082e-01
2.947373e-02	2.009573e-02	4.565551e+00	5.619013e-08	-5.802409e-05	-4.290464e-08	1.460549e-03	-4.532921e+03	-6.554353e+00	5.506261e-05	1.259252e-04	-5.735911e-06	-1.429776e-01
3.014949e-02	2.055648e-02	4.566011e+00	-1.802686e-08	-6.028694e-05	-4.560267e-08	1.493722e-03	-4.646647e+03	-7.044488e+00	5.626647e-05	1.287130e-04	-5.885933e-06	6.211265e-02
3.065631e-02	2.090204e-02	4.566357e+00	-4.657884e-08	-6.198538e-05	-4.767840e-08	1.518593e-03	-4.732268e+03	-7.318832e+00	-8.559179e-10	4.922292e-09	5.090934e-09	9.410573e-02
3.116313e-02	2.124760e-02	4.566703e+00	7.968519e-08	-6.368446e-05	-4.979966e-08	1.543457e-03	-4.818193e+03	-7.343832e+00	-9.791809e-10	-6.048187e-09	1.437990e-08	-1.875424e-01
3.166996e-02	2.159316e-02	4.567048e+00	-5.926204e-08	-6.538481e-05	-5.196227e-08	1.568310e-03	-4.904340e+03	-7.880095e+00	1.053742e-09	-3.986333e-09	9.361716e-09	1.559234e-01
3.217678e-02	2.193872e-02	4.567394e+00	-7.596705e-10	-6.708647e-05	-5.417210e-08	1.593157e-03	-4.990808e+03	-8.000002e+00	1.612441e-10	6.200589e-09	1.228508e-09	-2.033220e-02
3.293701e-02	2.245706e-02	4.567912e+00	4.015629e-08	-6.963984e-05	-5.756826e-08	1.630412e-03	-5.121019e+03	-8.353764e+00	3.950339e-10	-1.235938e-09	2.816290e-09	-8.136073e-02
3.369724e-02	2.297540e-02	4.568430e+00	-5.250416e-08	-7.219552e-05	-6.106299e-08	1.667647e-03	-5.251836e+03	-8.938098e+00	1.180119e-09	-3.477289e-09	5.878265e-09	1.288078e-01
3.445747e-02	2.349374e-02	4.568949e+00	2.975650e-08	-7.475291e-05	-6.465981e-08	1.704865e-03	-5.383330e+03	-9.185595e+00	3.514811e-10	-5.616821e-09	2.323950e-09	-9.037453e-02
3.521771e-02	2.401208e-02	4.569467e+00	1.267913e-08	-7.731130e-05	-6.835408e-08	1.742064e-03	-5.515441e+03	-9.688261e+00	2.843728e-09	7.405335e-09	-2.576712e-11	-8.313961e-03
3.578788e-02	2.440084e-02	4.569856e+00	-5.902706e-08	-7.923256e-05	-7.119107e-08	1.769949e-03	-5.614940e+03	-1.013747e+01	-2.731540e-06	6.387494e-06	2.105163e-07	1.334275e-01
3.635806e-02	2.478959e-02	4.570245e+00	6.565948e-08	-8.115671e-05	-7.408889e-08	1.797827e-03	-5.714848e+03	-1.023279e+01	-2.680829e-06	6.277526e-06	2.091538e-07	-1.695766e-01
3.692823e-02	2.517835e-02	4.570633e+00	-2.835039e-08	-8.308490e-05	-7.704236e-08	1.825692e-03	-5.815072e+03	-1.079229e+01	-2.639219e-06	6.185635e-06	1.975871e-07	9.265124e-02
3.749840e-02	2.556711e-02	4.571022e+00	-2.771214e-08	-8.501738e-05	-8.005753e-08	1.853547e-03	-5.915694e+03	-1.110797e+01	-2.595717e-06	6.089180e-06	1.927241e-07	4.604721e-02
3.792603e-02	2.585867e-02	4.571314e+00	8.042531e-08	-8.646854e-05	-8.235865e-08	1.874433e-03	-5.991427e+03	-1.118195e+01	-1.156295e-09	-1.538757e-08	1.380884e-08	-1.951538e-01
3.835367e-02	2.615024e-02	4.571605e+00	-7.890101e-08	-8.792107e-05	-8.468806e-08	1.895309e-03	-6.067307e+03	-1.178635e+01	2.256331e-09	-1.127423e-08	1.481127e-08	2.141172e-01
3.878130e-02	2.644181e-02	4.571897e+00	2.440143e-08	-8.937442e-05	-8.705463e-08	1.916183e-03	-6.143468e+03	-1.181636e+01	-4.842816e-11	-2.954760e-09	1.931486e-09	-9.029354e-02
3.920893e-02	2.673337e-02	4.572188e+00	4.625031e-08	-9.082812e-05	-8.945095e-08	1.937050e-03	-6.219814e+03	-1.209381e+01	9.490621e-10	-3.123407e-09	3.801897e-09	-9.374172e-02
3.985037e-02	2.717072e-02	4.572626e+00	-6.728722e-08	-9.327573e-05	-9.336965e-08	1.968339e-03	-6.334704e+03	-1.273003e+01	-2.496410e-05	1.586980e-04	1.080707e-06	1.643369e-01
4.049182e-02	2.760807e-02	4.573063e+00	4.326837e-08	-9.607862e-05	-9.773363e-08	1.999620e-03	-6.450135e+03	-1.293093e+01	3.251063e-07	7.534835e-07	-3.100573e-08	-1.253704e-01
4.113327e-02	2.804542e-02	4.573500e+00	9.505908e-09	-9.914789e-05	-1.024605e-07	2.030889e-03	-6.566012e+03	-1.347862e+01	3.290716e-07	7.646086e-07	-3.629124e-08	2.804811e-03
4.177471e-02	2.848277e-02	4.573938e+00	-5.561628e-08	-1.022193e-04	-1.072895e-07	2.062143e-03	-6.682377e+03	-1.402712e+01	3.349676e-07	7.655121e-07	-3.080008e-08	1.216309e-01
4.225580e-02	2.881078e-02	4.574266e+00	7.342596e-08	-1.045236e-04	-1.109806e-07	2.085577e-03	-6.770020e+03	-1.411721e+01	-1.183602e-09	-1.440110e-08	1.584274e-08	-1.929226e-01
4.273688e-02	2.913880e-02	4.574594e+00	-4.194037e-08	-1.068289e-04	-1.147237e-07	2.109000e-03	-6.857873e+03	-1.473274e+01	1.087307e-10	-5.846020e-09	8.404590e-09	1.355709e-01
4.321797e-02	2.946681e-02	4.574922e+00	-1.749526e-08	-1.091352e-04	-1.185280e-07	2.132418e-03	-6.946053e+03	-1.498720e+01	-1.257551e-09	-5.095382e-09	3.629912e-09	1.218266e-02
4.369905e-02	2.979482e-02	4.575250e+00	6.492095e-08	-1.114419e-04	-1.223893e-07	2.155829e-03	-7.034523e+03	-1.521363e+01	4.386265e-10	-5.906530e-09	1.201190e-08	-1.518093e-01
4.442068e-02	3.028684e-02	4.575742e+00	-6.011268e-08	-1.149044e-04	-1.282844e-07	2.190928e-03	-7.167697e+03	-1.601441e+01	-1.026165e-09	-7.688693e-09	8.469863e-09	1.605442e-01
4.514230e-02	3.077886e-02	4.576234e+00	1.524623e-08	-1.183692e-04	-1.343138e-07	2.226012e-03	-7.301572e+03	-1.639296e+01	6.178003e-10	6.136617e-09	7.546568e-10	-6.223802e-02
4.586393e-02	3.127088e-02	4.576726e+00	3.949283e-08	-1.218345e-04	-1.404687e-07	2.261079e-03	-7.436074e+03	-1.695054e+01	7.833652e-10	-7.339279e-09	2.718305e-09	-7.756418e-02
4.658556e-02	3.176289e-02	4.577218e+00	-6.752113e-08	-1.253028e-04	-1.467514e-07	2.296126e-03	-7.571198e+03	-1.772855e+01	-3.554498e-09	-8.743566e-09	9.808937e-09	1.656514e-01
4.712678e-02	3.213191e-02	4.577587e+00	5.216490e-08	-1.279054e-04	-1.515535e-07	2.322403e-03	-7.673030e+03	-1.791285e+01	-9.729005e-08	2.248027e-07	1.414365e-08	-1.542425e-01
4.766800e-02	3.250092e-02	4.577956e+00	-1.985827e-09	-1.305093e-04	-1.564234e-07	2.348668e-03	-7.775177e+03	-1.851965e+01	-9.547846e-08	2.355336e-07	6.847433e-09	3.998741e-02
4.820922e-02	3.286994e-02	4.578325e+00	-4.924898e-08	-1.331151e-04	-1.613686e-07	2.374923e-03	-7.877711e+03	-1.902495e+01	-9.462338e-08	2.262175e-07	1.093777e-08	1.009294e-01
4.875044e-02	3.323895e-02	4.578694e+00	6.726263e-08	-1.357221e-04	-1.663903e-07	2.401171e-03	-7.980664e+03	-1.926441e+01	-9.151581e-08	2.163325e-07	1.662657e-08	-1.745469e-01
4.956227e-02	3.379247e-02	4.579247e+00	-4.165898e-08	-1.399989e-04	-1.745055e-07	2.440524e-03	-8.135719e+03	-2.021390e+01	1.688677e-05	3.832444e-05	-1.834548e-06	1.266618e-01
5.037410e-02	3.434599e-02	4.579801e+00	-1.149778e-08	-1.447640e-04	-1.834216e-07	2.479861e-03	-8.291684e+03	-2.083643e+01	8.971338e-07	2.054360e-06	-1.022563e-07	5.696375e-03
5.118593e-02	3.489951e-02	4.580355e+00	5.659474e-08	-1.503515e-04	-1.935915e-07	2.519188e-03	-8.448522e+03	-2.145839e+01	2.763216e-05	6.288841e-05	-3.079926e-06	-1.342146e-01
5.199776e-02	3.545303e-02	4.580908e+00	-6.364444e-08	-1.570727e-04	-2.054693e-07	2.558504e-03	-8.606178e+03	-2.245731e+01	3.538402e-05	8.063664e-05	-3.980542e-06	1.733072e-01
5.260663e-02	3.586817e-02	4.581323e+00	2.358267e-08	-1.629293e-04	-2.156454e-07	2.587987e-03	-8.725061e+03	-2.281629e+01	-1.739827e-05	4.539059e-05	1.122241e-06	-9.055885e-02
5.321550e-02	3.628332e-02	4.581738e+00	3.201119e-08	-1.691151e-04	-2.264383e-07	2.617463e-03	-8.844409e+03	-2.342796e+01	-1.718132e-05	4.490824e-05	1.101705e-06	-5.256323e-02
5.382438e-02	3.669846e-02	4.582153e+00	-6.589774e-08	-1.753589e-04	-2.374985e-07	2.646925e-03	-8.964235e+03	-2.418994e+01	-1.698779e-05	4.448546e-05	1.091009e-06	1.606101e-01
5.443325e-02	3.711360e-02	4.582569e+00	5.556959e-08	-1.816585e-04	-2.488355e-07	2.676379e-03	-9.084639e+03	-2.452741e+01	-1.678039e-05	4.401634e-05	1.070708e-06	-1.615959e-01
5.488990e-02	3.742495e-02	4.582880e+00	1.419564e-09	-1.864103e-04	-2.574970e-07	2.698461e-03	-9.175221e+03	-2.514247e+01	-1.027641e-09	4.740183e-09	-1.147032e-10	3.717980e-02
5.534656e-02	3.773631e-02	4.583191e+00	-5.719486e-08	-1.911731e-04	-2.662859e-07	2.720536e-03	-9.266103e+03	-2.566223e+01	4.417634e-10	-5.703373e-09	5.619945e-09	1.120188e-01
5.580321e-02	3.804766e-02	4.583503e+00	7.435605e-08	-1.959368e-04	-2.751921e-07	2.742607e-03	-9.357330e+03	-2.588483e+01	3.718362e-09	-1.267763e-08	1.214601e-08	-1.865178e-01
5.625987e-02	3.835902e-02	4.583814e+00	-4.155712e-08	-2.007019e-04	-2.842012e-07	2.764668e-03	-9.448764e+03	-2.661529e+01	4.412765e-07	1.008428e-06	-4.658563e-08	1.366408e-01
5.694485e-02	3.882605e-02	4.584281e+00	-3.439044e-09	-2.078527e-04	-2.979367e-07	2.797750e-03	-9.586549e+03	-2.719550e+01	-1.689801e-10	-1.643586e-10	-8.486940e-11	-2.746407e-02
5.762983e-02	3.929309e-02	4.584748e+00	4.585069e-08	-2.150041e-04	-3.119204e-07	2.830819e-03	-9.724991e+03	-2.786098e+01	1.337755e-10	-1.815800e-09	3.987385e-09	-1.000236e-01
5.831481e-02	3.976012e-02	4.585215e+00	-5.738277e-08	-2.221601e-04	-3.261539e-07	2.863870e-03	-9.864054e+03	-2.880750e+01	8.600131e-10	-7.080932e-09	8.062244e-09	1.608217e-01
5.899980e-02	4.022715e-02	4.585682e+00	3.055244e-08	-2.293190e-04	-3.406506e-07	2.896908e-03	-1.000387e+04	-2.933193e+01	-2.952121e-09	-6.020388e-09	3.087233e-09	-1.143940e-01
5.925666e-02	4.040229e-02	4.585857e+00	7.762838e-08	-2.320038e-04	-3.461502e-07	2.909294e-03	-1.005646e+04	-2.958679e+01	6.980681e-10	-1.027469e-08	1.013568e-08	-1.492339e-01
5.951353e-02	4.057743e-02	4.586032e+00	-1.324758e-07	-2.346924e-04	-3.516813e-07	2.921676e-03	-1.010908e+04	-3.024559e+01	1.717698e-06	3.874542e-06	-1.474019e-07	3.132877e-01
5.977040e-02	4.075256e-02	4.586208e+00	9.674348e-08	-2.373877e-04	-3.572773e-07	2.934060e-03	-1.016195e+04	-3.006159e+01	1.143650e-06	2.579968e-06	-9.964763e-08	-2.683121e-01
6.002727e-02	4.092770e-02	4.586383e+00	4.881857e-09	-2.400893e-04	-3.629008e-07	2.946438e-03	-1.021478e+04	-3.060231e+01	-4.949734e-11	1.314280e-10	-1.930443e-10	4.433056e-02
6.041257e-02	4.119041e-02	4.586645e+00	-6.980121e-08	-2.441474e-04	-3.714184e-07	2.965003e-03	-1.029427e+04	-3.110644e+01	3.512206e-07	7.956642e-07	-3.164955e-08	1.296406e-01
6.079787e-02	4.145311e-02	4.586908e+00	8.747160e-08	-2.482083e-04	-3.800284e-07	2.983565e-03	-1.037404e+04	-3.126466e+01	1.288813e-07	2.742026e-07	2.186279e-09	-2.171504e-01
6.118317e-02	4.171582e-02	4.587171e+00	-4.619068e-08	-2.522725e-04	-3.887086e-07	3.002120e-03	-1.045393e+04	-3.201193e+01	3.318791e-08	7.072287e-08	2.697128e-09	1.598436e-01
6.156848e-02	4.197853e-02	4.587434e+00	-2.599681e-08	-2.563388e-04	-3.974824e-07	3.020671e-03	-1.053410e+04	-3.233225e+01	1.637710e-09	9.268493e-10	7.226244e-11	4.059132e-03
6.214643e-02	4.237259e-02	4.587828e+00	7.123906e-05	-1.972703e-04	-3.070930e-07	3.049425e-03	-1.065483e+04	-3.291508e+01	3.357300e-06	1.112766e-05	-7.346342e-06	-2.276337e-01
6.272438e-02	4.276665e-02	4.588222e+00	3.855406e-04	-1.883526e-04	-3.005809e-07	3.081398e-03	-1.077600e+04	-3.381138e+01	1.398866e-08	-5.784441e-06	1.406811e-05	3.785233e-01
6.330234e-02	4.316070e-02	4.588616e+00	9.691047e-04	-2.970411e-04	-4.723854e-07	3.117028e-03	-1.089759e+04	-3.431784e+01	8.177711e-09	-9.844365e-07	9.929703e-07	-8.081328e-02
6.359131e-02	4.335773e-02	4.588813e+00	1.335000e-03	-4.199444e-04	-6.702134e-07	3.135886e-03	-1.095862e+04	-3.463097e+01	9.470563e-08	-8.591149e-06	8.802636e-06	-1.262673e-01
6.388029e-02	4.355476e-02	4.589010e+00	1.700613e-03	-5.428780e-04	-8.694883e-07	3.154789e-03	-1.101971e+04	-3.528665e+01	5.582107e-07	3.292551e-05	-3.171748e-05	2.491978e-01
6.416927e-02	4.375179e-02	4.589207e+00	2.066638e-03	-6.658304e-04	-1.070185e-06	3.173740e-03	-1.108106e+04	-3.527284e+01	-1.855079e-11	-3.802751e-05	3.800362e-05	-2.058130e-01
6.445824e-02	4.394882e-02	4.589404e+00	2.432401e-03	-7.887962e-04	-1.272254e-06	3.192733e-03	-1.114243e+04	-3.581602e+01	1.617507e-10	6.129031e-06	-6.099735e-06	2.520039e-02
6.489171e-02	4.424437e-02	4.589699e+00	2.981038e-03	-9.732991e-04	-1.578041e-06	3.221311e-03	-1.123476e+04	-3.642263e+01	1.109328e-07	3.607168e-05	-3.587231e-05	1.092953e-01
6.510844e-02	4.439214e-02	4.589847e+00	3.148239e-03	-1.064345e-03	-1.729986e-06	3.234241e-03	-1.128166e+04	-3.638105e+01	6.916496e-10	-8.807567e-05	8.751540e-05	-2.356620e-01
6.532517e-02	4.453991e-02	4.589995e+00	3.041737e-03	-1.152204e-03	-1.879340e-06	3.243629e-03	-1.132805e+04	-3.707073e+01	-7.145324e-10	1.189566e-04	-1.193130e-04	2.880327e-01
6.554191e-02	4.468768e-02	4.590143e+00	2.798572e-03	-1.104570e-03	-1.789320e-06	3.251323e-03	-1.137461e+04	-3.709672e+01	2.215203e-11	-2.137825e-05	6.969061e-04	-1.791003e+00
6.575864e-02	4.483546e-02	4.590290e+00	2.642919e-03	-8.592581e-04	-1.409753e-06	3.260242e-03	-1.142050e+04	-3.729210e+01	9.085294e-06	-2.472687e-05	1.168161e-04	-4.262353e-01
6.608374e-02	4.505711e-02	4.590512e+00	2.657460e-03	-2.433022e-04	-4.020314e-07	3.277033e-03	-1.149026e+04	-3.802243e+01	5.474025e-10	-3.012737e-06	3.028405e-06	2.298013e-01
6.640884e-02	4.527877e-02	4.590734e+00	2.486629e-03	2.574170e-05	1.758314e-08	3.291643e-03	-1.156273e+04	-3.817628e+01	3.777825e-10	-7.072442e-06	2.874055e-04	2.136315e+00
6.673394e-02	4.550043e-02	4.590955e+00	2.194103e-03	-1.337516e-04	-2.062117e-07	3.313662e-03	-1.173118e+04	-3.903077e+01	2.191564e-09	-1.166986e-04	-4.990059e-06	-3.303353e-01
6.705903e-02	4.572209e-02	4.591177e+00	1.779139e-03	-7.728400e-06	2.240721e-08	3.347705e-03	-1.219414e+04	-4.091007e+01	2.913453e-09	1.717003e-06	1.753658e-07	-3.396850e+00
6.754668e-02	4.605458e-02	4.591510e+00	1.651511e-03	3.085885e-05	-1.716001e-08	3.376487e-03	-1.289917e+04	-4.329628e+01	1.661988e-09	2.029272e-04	-9.558395e-06	2.174454e+00
6.803433e-02	4.638706e-02	4.591842e+00	1.772962e-03	-1.762509e-05	1.643165e-08	3.393526e-03	-1.360609e+04	-4.637788e+01	4.841807e-07	-1.930155e-04	-3.308250e-06	-3.006301e+00
6.852198e-02	4.671955e-02	4.592175e+00	1.700214e-03	-8.510527e-07	1.227032e-08	3.419872e-03	-1.431576e+04	-4.914089e+01	-1.950582e-09	4.813087e-05	5.286587e-07	-3.306681e+00
6.900963e-02	4.705204e-02	4.592507e+00	1.645206e-03	1.174608e-05	-4.322434e-08	3.445326e-03	-1.502783e+04	-5.171118e+01	7.140612e-06	9.377157e-05	-2.151813e-06	4.769692e-01
6.974110e-02	4.755077e-02	4.593006e+00	1.671036e-03	-9.122406e-06	4.206927e-08	3.478117e-03	-1.610034e+04	-5.648566e+01	3.049081e-09	-5.822479e-05	-7.359752e-07	-5.875971e+00
7.047257e-02	4.804950e-02	4.593505e+00	1.609134e-03	2.199264e-06	-9.903726e-09	3.515419e-03	-1.717838e+04	-6.075390e+01	3.694212e-05	1.240251e-04	-4.640640e-06	-3.526589e+00
7.120404e-02	4.854823e-02	4.594003e+00	1.573651e-03	3.989868e-06	-3.012925e-08	3.551282e-03	-1.826168e+04	-6.522059e+01	2.668462e-06	-6.941919e-05	1.490706e-07	-2.504640e+00
7.193552e-02	4.904697e-02	4.594502e+00	1.568519e-03	-6.168663e-06	4.955771e-08	3.585520e-03	-1.935030e+04	-7.029834e+01	3.005916e-07	1.333089e-04	9.600640e-07	-8.240922e+00
7.303272e-02	4.979506e-02	4.595250e+00	1.498628e-03	3.769583e-06	-3.403454e-08	3.640340e-03	-2.099324e+04	-7.717284e+01	5.355309e-08	-1.321506e-04	8.198907e-07	-3.728050e+00
7.412993e-02	5.054316e-02	4.595998e+00	1.461773e-03	2.104126e-07	-2.808069e-09	3.693210e-03	-2.264785e+04	-8.479776e+01	1.653392e-05	-5.268070e-06	-1.973504e-06	-6.187233e+00
7.522714e-02	5.129126e-02	4.596746e+00	1.252369e-03	-4.416904e-07	4.945841e-08	3.753769e-03	-2.435933e+04	-9.243082e+01	1.290165e-05	5.234800e-04	8.644704e-07	-1.287836e+01
7.632435e-02	5.203935e-02	4.597494e+00	7.133160e-04	6.277013e-07	-5.983218e-08	3.829254e-03	-2.619228e+04	-9.892859e+01	6.815927e-05	-3.518079e-04	-1.619056e-05	-1.831031e+01
7.797016e-02	5.316150e-02	4.598616e+00	-5.130930e-05	-4.078435e-07	3.261434e-08	3.939380e-03	-2.903495e+04	-1.098856e+02	2.551815e-09	3.790441e-04	1.484202e-05	-4.363556e+01
7.961597e-02	5.428364e-02	4.599739e+00	-7.319806e-04	-3.587933e-07	9.678046e-09	4.045296e-03	-3.203276e+04	-1.212933e+02	2.183904e-07	8.590199e-05	4.723358e-06	-6.501387e+01
8.126179e-02	5.540579e-02	4.600861e+00	-8.334623e-04	1.273829e-06	-3.614111e-08	4.121381e-03	-3.612419e+04	-1.400473e+02	4.240948e-05	-1.980567e-04	-1.752677e-05	-6.874391e+01
8.290760e-02	5.652793e-02	4.601983e+00	-9.363007e-04	-1.305390e-06	3.526914e-08	4.197424e-03	-4.023736e+04	-1.604807e+02	3.795880e-05	5.101161e-04	2.278766e-05	-8.087884e+01
8.537632e-02	5.821115e-02	4.603666e+00	-1.087072e-03	6.009075e-07	-1.494957e-08	4.312522e-03	-4.644815e+04	-1.919695e+02	2.045454e-09	-2.094373e-04	-1.085395e-05	-8.339934e+01
8.784504e-02	5.989437e-02	4.605349e+00	-1.236775e-03	4.248296e-07	-7.183857e-09	4.427891e-03	-5.270288e+04	-2.259194e+02	4.309317e-06	-1.112893e-04	-9.855521e-06	-8.844971e+01
9.031376e-02	6.157759e-02	4.607033e+00	-1.440395e-03	-1.096339e-06	1.645497e-08	4.547953e-03	-5.908553e+04	-2.601682e+02	1.057015e-08	5.040711e-04	2.593717e-05	-1.011438e+02
9.278247e-02	6.326081e-02	4.608716e+00	-1.772577e-03	1.018490e-06	-1.203464e-08	4.679157e-03	-6.572953e+04	-2.901812e+02	-2.026354e-09	-5.100709e-04	-3.002932e-05	-1.199714e+02
9.648555e-02	6.578563e-02	4.611241e+00	-2.149879e-03	-3.948300e-07	3.125301e-09	4.865637e-03	-7.599057e+04	-3.455363e+02	1.210496e-05	2.592308e-04	1.417792e-05	-1.485290e+02
1.001886e-01	6.831046e-02	4.613765e+00	-2.403251e-03	-4.030162e-07	-9.475327e-10	5.042436e-03	-8.655667e+04	-4.123541e+02	1.342232e-08	2.518459e-04	1.748407e-05	-1.549409e+02
1.038917e-01	7.083529e-02	4.616290e+00	-2.643833e-03	8.750085e-07	6.135118e-09	5.219360e-03	-9.716425e+04	-4.837888e+02	8.531060e-09	-5.833181e-04	-3.752981e-05	-1.534891e+02
1.075948e-01	7.336012e-02	4.618815e+00	-2.876298e-03	-7.492055e-07	-9.370016e-09	5.396129e-03	-1.078107e+05	-5.607644e+02	1.553155e-06	5.359584e-04	3.302968e-05	-1.576509e+02
1.131494e-01	7.714736e-02	4.622602e+00	-3.433280e-03	1.824960e-07	2.875465e-09	5.666751e-03	-1.242702e+05	-6.884610e+02	1.003173e-09	-1.626665e-04	-1.177783e-05	-1.836248e+02
1.187040e-01	8.093460e-02	4.626390e+00	-4.080490e-03	2.495048e-07	8.559329e-09	5.938954e-03	-1.410262e+05	-8.287905e+02	3.629394e-05	-2.227158e-05	-2.942332e-05	-2.302388e+02
1.242586e-01	8.472184e-02	4.630177e+00	-4.695998e-03	-4.908534e-07	-2.194384e-08	6.209772e-03	-1.578422e+05	-9.797425e+02	1.271018e-05	7.488777e-04	4.957464e-05	-2.786166e+02
1.298133e-01	8.850908e-02	4.633964e+00	-5.397509e-03	3.870156e-07	2.062278e-08	6.494634e-03	-1.749687e+05	-1.117958e+03	1.025235e-06	-3.768604e-04	-6.244018e-05	-3.710060e+02
1.381452e-01	9.418994e-02	4.639645e+00	-6.408478e-03	-1.185924e-07	-7.870343e-09	6.919093e-03	-2.007887e+05	-1.343111e+03	-5.002221e-10	1.147429e-04	2.896478e-05	-5.269424e+02
1.464771e-01	9.987080e-02	4.645326e+00	-7.373707e-03	-2.039145e-07	-1.801134e-08	7.340428e-03	-2.267421e+05	-1.589763e+03	-2.728484e-10	1.952089e-04	6.829929e-05	-6.851439e+02
1.548090e-01	1.055517e-01	4.651007e+00	-8.300999e-03	3.707513e-07	3.764839e-08	7.759042e-03	-2.528142e+05	-1.858392e+03	3.703753e-04	4.523436e-04	-2.038840e-04	-8.409813e+02
1.631410e-01	1.112325e-01	4.656688e+00	-9.197931e-03	-2.869391e-07	-3.301417e-08	8.175133e-03	-2.789947e+05	-2.150418e+03	1.783598e-04	6.480729e-04	1.278093e-04	-1.003380e+03
1.693899e-01	1.154932e-01	4.660948e+00	-9.852024e-03	-2.843746e-08	-4.088353e-09	8.485808e-03	-2.986953e+05	-2.384284e+03	1.281151e-07	2.606833e-05	1.726795e-05	-1.118964e+03
1.756388e-01	1.197538e-01	4.665209e+00	-1.049248e-02	3.087801e-07	4.244961e-08	8.795359e-03	-3.184487e+05	-2.631292e+03	8.873758e-08	-2.701898e-04	-2.085968e-04	-1.231814e+03
1.818878e-01	1.240145e-01	4.669469e+00	-1.112132e-02	-3.742640e-07	-5.450582e-08	9.103798e-03	-3.382527e+05	-2.892184e+03	6.537812e-08	3.192320e-04	2.817911e-04	-1.348355e+03
1.881367e-01	1.282751e-01	4.673730e+00	-1.173786e-02	1.931767e-07	2.954003e-08	9.411346e-03	-3.581044e+05	-3.165818e+03	4.515459e-08	-1.598448e-04	-1.594193e-04	-1.453744e+03
1.975102e-01	1.346661e-01	4.680121e+00	-1.264416e-02	2.783689e-08	5.008696e-09	9.870916e-03	-3.879684e+05	-3.602214e+03	4.740346e-04	1.011532e-03	-9.250026e-05	-1.611384e+03
2.068836e-01	1.410570e-01	4.686512e+00	-1.352941e-02	-2.155943e-07	-3.910294e-08	1.032863e-02	-4.179312e+05	-4.069361e+03	2.414008e-04	6.900302e-04	1.911826e-04	-1.760299e+03
2.162570e-01	1.474480e-01	4.692903e+00	-1.439509e-02	2.523970e-07	4.826151e-08	1.078468e-02	-4.479879e+05	-4.566968e+03	1.297243e-04	1.038730e-04	-3.109907e-04	-1.894252e+03
2.256304e-01	1.538390e-01	4.699294e+00	-1.524381e-02	-1.238076e-07	-2.473771e-08	1.123912e-02	-4.781354e+05	-5.096189e+03	7.300501e-05	2.431509e-04	1.434926e-04	-2.022952e+03
2.326605e-01	1.586322e-01	4.704087e+00	-1.586940e-02	-1.303957e-07	-2.788869e-08	1.157901e-02	-5.008034e+05	-5.513422e+03	6.125629e-08	8.412540e-05	1.738532e-04	-2.110111e+03
2.396905e-01	1.634254e-01	4.708880e+00	-1.648606e-02	2.883499e-07	6.322805e-08	1.191815e-02	-5.235192e+05	-5.947970e+03	4.508183e-08	-1.764823e-04	-4.032800e-04	-2.187645e+03
2.467206e-01	1.682187e-01	4.713674e+00	-1.709496e-02	-2.514839e-07	-5.665685e-08	1.225650e-02	-5.462822e+05	-6.400850e+03	3.665627e-08	1.462591e-04	3.684313e-04	-2.265028e+03
2.537507e-01	1.730119e-01	4.718467e+00	-1.769536e-02	5.196584e-08	1.175870e-08	1.259421e-02	-5.690909e+05	-6.870838e+03	2.614979e-08	-2.844026e-05	-7.887033e-05	-2.329574e+03
2.642957e-01	1.802017e-01	4.725657e+00	-1.858190e-02	1.033079e-07	2.539671e-08	1.309949e-02	-6.033883e+05	-7.609356e+03	3.074719e-04	6.279099e-04	-2.194884e-04	-2.415954e+03
2.748408e-01	1.873916e-01	4.732847e+00	-1.945212e-02	-1.826098e-07	-4.625842e-08	1.360334e-02	-6.377847e+05	-8.388131e+03	1.712769e-04	4.645078e-04	2.777479e-04	-2.488646e+03
2.853859e-01	1.945814e-01	4.740036e+00	-2.030625e-02	1.393653e-07	3.622367e-08	1.410589e-02	-6.722773e+05	-9.206498e+03	9.934980e-05	1.613315e-04	-2.619265e-04	-2.540688e+03
2.959310e-01	2.017713e-01	4.747226e+00	-2.114546e-02	-7.958280e-09	-1.743991e-09	1.460716e-02	-7.068645e+05	-1.006535e+04	5.970493e-05	1.355219e-04	2.051293e-06	-2.579747e+03
3.117487e-01	2.125560e-01	4.758011e+00	-2.237676e-02	-7.853693e-08	-2.239572e-08	1.535683e-02	-7.589184e+05	-1.142885e+04	1.942972e-07	2.714342e-05	1.464170e-04	-2.606557e+03
3.117796e-01	2.125771e-01	4.758032e+00	-1.827153e-02	3.055036e-05	7.159854e-06	1.507357e-02	-7.726559e+05	-1.274760e+04	-6.108065e-06	7.697379e-02	3.222252e-02	2.001545e+03
3.118105e-01	2.125981e-01	4.758053e+00	-2.239222e-02	-3.449206e-05	-6.740756e-06	1.530844e-02	-7.594533e+05	-1.166880e+04	-4.142501e-06	3.984463e-03	5.530203e-02	-2.619727e+03
3.118414e-01	2.126192e-01	4.758074e+00	-1.829301e-02	1.115537e-05	-1.975646e-06	1.511957e-02	-7.726862e+05	-1.256678e+04	-2.795467e-06	7.364476e-03	2.590700e-03	1.698450e+03
3.118722e-01	2.126403e-01	4.758095e+00	-2.210508e-02	2.041769e-05	9.356797e-06	1.529819e-02	-7.598631e+05	-1.170440e+04	-3.039313e-06	-2.905314e-04	-4.099763e-02	-2.115015e+03
3.119186e-01	2.126719e-01	4.758127e+00	-1.854518e-02	-3.037354e-05	-6.991511e-06	1.509175e-02	-7.729953e+05	-1.273941e+04	-4.193535e-06	-7.262403e-02	-2.379759e-02	1.552063e+03
3.119649e-01	2.127035e-01	4.758158e+00	-2.227863e-02	1.643106e-05	-1.083525e-06	1.537417e-02	-7.596403e+05	-1.140800e+04	-8.087387e-06	-1.548667e-03	-1.152458e-02	-2.575895e+03
3.119707e-01	2.127074e-01	4.758162e+00	-1.780326e-02	7.176793e-05	1.260246e-05	1.513737e-02	-7.732813e+05	-1.251294e+04	-3.777342e-06	1.545698e-01	7.846541e-02	2.241189e+03
3.119765e-01	2.127114e-01	4.758166e+00	-1.829139e-02	2.202267e-05	2.634335e-05	1.504084e-02	-7.644958e+05	-1.293743e+04	-4.169124e-09	8.378636e-02	2.861364e-02	8.732879e+02
3.119823e-01	2.127153e-01	4.758170e+00	-2.652406e-02	-5.628158e-05	1.644361e-05	1.532799e-02	-7.554019e+05	-1.139512e+04	-6.044866e-08	-3.931582e-03	-3.017974e-02	-9.995547e+03
3.119881e-01	2.127193e-01	4.758174e+00	-2.632291e-02	-5.045772e-05	-1.936665e-05	1.541361e-02	-7.725161e+05	-1.141457e+04	-7.285562e-07	-6.845495e-02	-2.421953e-01	7.382526e+03
3.119968e-01	2.127252e-01	4.758180e+00	-1.081743e-02	4.284774e-05	-3.341906e-05	1.507559e-02	-7.687969e+05	-1.292942e+04	1.031003e-08	-1.104940e-01	-1.581796e-01	4.678321e+03
3.120055e-01	2.127311e-01	4.758186e+00	-1.919772e-02	4.328334e-05	9.476232e-06	1.525760e-02	-7.546927e+05	-1.155367e+04	-1.043591e-06	-8.441140e-04	-3.222796e-01	-2.257938e+04
3.120142e-01	2.127370e-01	4.758192e+00	-3.352223e-02	-3.237639e-05	4.363775e-05	1.537710e-02	-7.736820e+05	-1.170072e+04	-1.906301e-07	7.303300e-02	6.620015e-01	1.654443e+04
3.120229e-01	2.127430e-01	4.758198e+00	-1.440266e-02	-1.982915e-05	2.983050e-06	1.497073e-02	-7.703191e+05	-1.347520e+04	4.005415e-08	-2.697560e-03	-1.217401e-02	1.386985e+04
3.120359e-01	2.127518e-01	4.758207e+00	-1.597960e-02	4.400095e-05	-4.443472e-05	1.541864e-02	-7.528352e+05	-1.078822e+04	-4.467114e-05	2.222625e-02	1.607598e+00	-3.269196e+04
3.120489e-01	2.127607e-01	4.758216e+00	-3.135118e-02	-9.227339e-06	1.052492e-05	1.543293e-02	-7.755706e+05	-1.158937e+04	-1.561617e-05	1.646165e-02	1.768326e-01	2.106197e+04
3.120620e-01	2.127696e-01	4.758225e+00	-1.381583e-02	-3.668460e-05	3.852793e-05	1.480992e-02	-7.700172e+05	-1.408247e+04	1.100896e-06	1.693221e-01	4.524517e-01	9.717549e+03
3.120750e-01	2.127785e-01	4.758234e+00	-1.841991e-02	3.491942e-05	-2.550426e-05	1.544810e-02	-7.505458e+05	-1.058115e+04	-1.760014e-04	1.825031e-02	7.856093e-01	-3.803992e+04
3.120945e-01	2.127918e-01	4.758247e+00	-2.767110e-02	-1.035920e-05	-1.746609e-05	1.541603e-02	-7.792815e+05	-1.187542e+04	-2.627313e-05	-4.933085e-02	-7.602838e-01	3.110339e+04
3.121141e-01	2.128052e-01	4.758260e+00	-1.381770e-02	-3.785099e-05	3.688987e-05	1.485746e-02	-7.656759e+05	-1.367527e+04	-1.124921e-06	1.391650e-01	-1.489963e-01	-3.140228e+03
3.121336e-01	2.128185e-01	4.758273e+00	-2.384696e-02	3.858575e-05	-1.252341e-05	1.558094e-02	-7.505209e+05	-1.012951e+04	-5.508606e-05	6.218842e-03	5.614943e-02	-3.157180e+04
3.121532e-01	2.128318e-01	4.758287e+00	-2.565470e-02	-1.491463e-05	-2.405660e-05	1.538728e-02	-7.824658e+05	-1.217331e+04	-1.296119e-05	-7.206862e-02	-1.387292e+00	3.998426e+04
3.121825e-01	2.128518e-01	4.758307e+00	-1.320207e-02	-2.677700e-05	2.873687e-05	1.492438e-02	-7.592566e+05	-1.306469e+04	-1.000379e-06	1.035510e-01	-9.049903e-01	-2.440166e+04
3.122118e-01	2.128718e-01	4.758327e+00	-2.760132e-02	3.511734e-05	-4.602268e-06	1.563287e-02	-7.552365e+05	-1.024179e+04	7.082926e-07	-1.226623e-02	-6.761540e-02	-1.245541e+04
3.122412e-01	2.128918e-01	4.758347e+00	-2.165204e-02	-2.455494e-05	-2.067751e-05	1.527557e-02	-7.827453e+05	-1.260953e+04	-5.067475e-04	-7.517257e-02	-1.254578e+00	3.652855e+04
3.122705e-01	2.129118e-01	4.758367e+00	-1.308213e-02	-1.896496e-05	2.769749e-05	1.492734e-02	-7.555327e+05	-1.284509e+04	-3.331588e-07	1.130892e-01	-1.507345e+00	-3.875218e+04
3.123145e-01	2.129418e-01	4.758397e+00	-2.647613e-02	2.534278e-05	-9.997060e-06	1.539207e-02	-7.767131e+05	-1.177841e+04	-2.121402e-05	-8.781951e-03	-8.642035e-02	1.888536e+04
3.123585e-01	2.129718e-01	4.758427e+00	-2.032632e-02	-2.022792e-05	-1.374801e-05	1.535947e-02	-7.666629e+05	-1.182345e+04	-6.017217e-08	2.416305e-03	-3.500624e-01	1.234331e+04
3.124025e-01	2.130018e-01	4.758457e+00	-1.629291e-02	-5.378025e-06	2.756403e-05	1.506175e-02	-7.539724e+05	-1.225590e+04	-6.124537e-07	7.948436e-02	-1.615539e+00	-3.869708e+04
3.124464e-01	2.130318e-01	4.758487e+00	-2.853567e-02	1.859134e-05	-1.632070e-05	1.547586e-02	-7.814130e+05	-1.177799e+04	-1.834713e-05	-2.320855e-02	-5.286377e-01	3.542592e+04
3.125124e-01	2.130767e-01	4.758532e+00	-1.483592e-02	-2.514359e-05	-2.562459e-07	1.514425e-02	-7.614496e+05	-1.229784e+04	-1.707449e-07	-1.038349e-02	9.819737e-02	-1.488816e+04
3.125784e-01	2.131217e-01	4.758577e+00	-2.194241e-02	6.708761e-06	1.737780e-05	1.529921e-02	-7.570662e+05	-1.151623e+04	2.619345e-09	3.908771e-03	-5.525239e-01	-1.939301e+04
3.126444e-01	2.131667e-01	4.758622e+00	-2.661198e-02	7.409968e-06	-2.003658e-05	1.544888e-02	-7.829127e+05	-1.197415e+04	6.874980e-07	-4.213988e-02	-8.493611e-01	3.683197e+04
3.127104e-01	2.132117e-01	4.758667e+00	-1.182011e-02	-2.852903e-05	1.006472e-05	1.501128e-02	-7.590514e+05	-1.272647e+04	-2.917521e-06	2.600006e-02	-3.075792e-01	-3.180777e+04
3.128093e-01	2.132792e-01	4.758734e+00	-2.423479e-02	2.043745e-05	3.024433e-06	1.526499e-02	-7.769453e+05	-1.220079e+04	-1.499909e-05	3.107964e-02	1.055336e-01	1.149624e+04
3.129083e-01	2.133467e-01	4.758802e+00	-2.493040e-02	9.883208e-07	-1.381836e-05	1.556946e-02	-7.670893e+05	-1.103991e+04	-2.566529e-06	3.119882e-02	-3.142435e-01	1.444813e+04
3.130073e-01	2.134142e-01	4.758869e+00	-1.308541e-02	-2.306524e-05	1.552507e-05	1.504499e-02	-7.586543e+05	-1.262218e+04	-3.683599e-07	4.835831e-02	-6.709277e-01	-3.443657e+04
3.131063e-01	2.134816e-01	4.758937e+00	-2.812898e-02	2.496929e-05	-5.745799e-06	1.543212e-02	-7.814542e+05	-1.195705e+04	-1.977820e-05	7.161161e-04	-1.123833e-02	2.778588e+04
3.132547e-01	2.135829e-01	4.759038e+00	-1.750518e-02	-1.666269e-05	-3.854218e-06	1.529732e-02	-7.640669e+05	-1.168611e+04	-1.309163e-07	-7.294645e-03	9.226577e-02	-9.485773e+03
3.133289e-01	2.136335e-01	4.759088e+00	-1.224256e-02	-2.567021e-05	1.927052e-05	1.501737e-02	-7.589040e+05	-1.254831e+04	-7.528215e-07	7.099204e-02	-9.857140e-01	-3.952966e+04
3.134032e-01	2.136841e-01	4.759139e+00	-3.665376e-02	3.788310e-05	-1.944535e-05	1.576237e-02	-7.905278e+05	-1.125258e+04	-2.920297e-05	3.845272e-04	-7.922155e-01	5.885095e+04
3.134774e-01	2.137347e-01	4.759190e+00	-7.935547e-03	-3.865082e-05	7.583847e-06	1.495782e-02	-7.614623e+05	-1.291817e+04	-8.338590e-04	4.316604e-02	-1.584334e-01	-3.998886e+04
3.135145e-01	2.137600e-01	4.759215e+00	-1.406528e-02	-2.176558e-05	2.533432e-05	1.502703e-02	-7.586276e+05	-1.254033e+04	7.130438e-10	9.411393e-02	-1.405248e+00	-4.025823e+04
3.135516e-01	2.137853e-01	4.759240e+00	-4.416720e-02	4.570494e-05	-3.336191e-05	1.606899e-02	-8.015527e+05	-1.060954e+04	-6.548362e-10	4.383415e-02	-2.526661e+00	9.036032e+04
3.135887e-01	2.138106e-01	4.759266e+00	3.274102e-03	-5.982948e-05	1.865965e-05	1.463901e-02	-7.590433e+05	-1.401306e+04	3.851164e-07	1.211591e-01	-1.452108e+00	-7.910779e+04
3.136259e-01	2.138359e-01	4.759291e+00	-2.634603e-02	1.456403e-05	1.348101e-05	1.520514e-02	-7.803815e+05	-1.270649e+04	-6.021815e-06	7.389207e-02	3.001702e-01	1.513724e+04
3.136815e-01	2.138739e-01	4.759329e+00	-3.172205e-02	2.813826e-05	-2.554020e-05	1.597280e-02	-7.740973e+05	-1.001374e+04	-2.825651e-05	1.314110e-01	-1.143699e+00	3.446661e+04
3.137372e-01	2.139118e-01	4.759367e+00	-2.739593e-03	-4.904971e-05	1.979435e-05	1.479473e-02	-7.591256e+05	-1.355791e+04	4.862304e-07	1.126003e-01	-1.417718e+00	-6.475471e+04
3.137929e-01	2.139498e-01	4.759405e+00	-3.567533e-02	3.350682e-05	1.752033e-06	1.551239e-02	-7.880682e+05	-1.207638e+04	-1.165776e-05	1.594997e-02	4.787958e-01	4.762372e+04
3.138485e-01	2.139877e-01	4.759443e+00	-1.934686e-02	4.121284e-06	-2.146111e-05	1.562098e-02	-7.672817e+05	-1.079309e+04	-6.477079e-06	4.066594e-02	3.369656e-03	-1.843224e+02
3.139320e-01	2.140447e-01	4.759500e+00	-1.426699e-02	-2.952574e-05	2.205286e-05	1.505148e-02	-7.614173e+05	-1.276281e+04	-2.235829e-07	7.952402e-02	-1.003199e+00	-3.552770e+04
3.140156e-01	2.141016e-01	4.759557e+00	-3.250540e-02	2.862842e-05	-6.246340e-06	1.552704e-02	-7.882423e+05	-1.210528e+04	-1.863835e-05	-1.160273e-04	-3.879795e-02	4.382065e+04
3.140991e-01	2.141586e-01	4.759614e+00	-1.173084e-02	-1.416598e-05	-1.347920e-05	1.534608e-02	-7.642754e+05	-1.165984e+04	5.214679e-08	-1.971899e-02	5.577394e-01	-2.473706e+04
3.141408e-01	2.141870e-01	4.759642e+00	-1.502358e-02	-3.846991e-05	3.738226e-05	1.490640e-02	-7.613549e+05	-1.327641e+04	-2.630186e-07	1.869759e-01	-2.060212e+00	-4.153100e+04
3.141826e-01	2.142155e-01	4.759670e+00	-3.954567e-02	4.577388e-05	-2.807799e-05	1.592145e-02	-7.988686e+05	-1.111050e+04	-2.221318e-05	2.191080e-02	-1.772202e+00	7.676425e+04
3.142243e-01	2.142440e-01	4.759699e+00	-1.808496e-03	-3.915669e-05	1.914736e-08	1.500126e-02	-7.607088e+05	-1.277056e+04	-5.683283e-03	1.631348e-01	3.404438e-01	-6.080749e+04
3.142452e-01	2.142582e-01	4.759713e+00	-1.914047e-02	-4.688630e-05	5.177794e-05	1.478928e-02	-7.629520e+05	-1.386469e+04	5.740731e-09	2.991321e-01	-2.534310e+00	-3.664178e+04
3.142556e-01	2.142653e-01	4.759720e+00	-6.727638e-02	1.080874e-04	-2.907888e-05	1.653755e-02	-8.247327e+05	-1.055287e+04	-5.568676e-06	5.768794e-02	-2.117141e+00	1.770498e+05
3.142661e-01	2.142724e-01	4.759727e+00	2.790994e-02	-3.732327e-06	-4.327847e-05	1.537792e-02	-7.509330e+05	-9.944123e+03	3.927344e-07	9.982616e-02	7.758617e+00	-1.530983e+05
3.142765e-01	2.142795e-01	4.759735e+00	-4.827586e-03	-1.073830e-04	2.422970e-05	1.456658e-02	-7.785757e+05	-1.542572e+04	-1.833562e-03	3.023350e-01	-3.860175e-01	-2.110571e+04
3.142870e-01	2.142867e-01	4.759742e+00	-8.873215e-02	7.019781e-05	2.304205e-05	1.615024e-02	-8.063777e+05	-1.145730e+04	-2.574175e-02	-4.235270e-01	6.018455e+00	1.614853e+05
3.143026e-01	2.142973e-01	4.759752e+00	2.155766e-02	6.615856e-05	-2.643744e-05	1.572444e-02	-7.465255e+05	-8.569543e+03	3.727473e-07	8.602142e-02	2.521148e+00	-1.465584e+05
3.143183e-01	2.143080e-01	4.759763e+00	6.993461e-03	-1.048939e-04	-4.410270e-06	1.500268e-02	-7.891978e+05	-1.412775e+04	-9.644706e-03	-4.400739e-01	-5.386927e-02	2.906898e+03
3.143339e-01	2.143187e-01	4.759774e+00	-8.978878e-02	3.530122e-05	1.189835e-05	1.594981e-02	-7.891711e+05	-1.127867e+04	3.667083e-09	-3.421264e-01	2.384886e+00	1.261288e+05
3.143496e-01	2.143294e-01	4.759784e+00	1.997313e-02	9.034634e-05	1.765884e-07	1.535716e-02	-7.446589e+05	-1.026952e+04	9.682772e-07	5.280585e-03	-3.387856e+00	-1.569755e+05
3.143731e-01	2.143454e-01	4.759800e+00	-9.283574e-03	-1.081915e-04	3.947957e-07	1.537393e-02	-8.062171e+05	-1.337010e+04	-3.825626e-07	-2.665102e-01	-1.258051e+00	7.186550e+04
3.143966e-01	2.143614e-01	4.759816e+00	-7.652639e-02	1.330240e-05	-4.731473e-06	1.572900e-02	-7.762639e+05	-1.102975e+04	-4.876347e-07	6.276679e-02	-2.318156e-01	5.461480e+04
3.144200e-01	2.143774e-01	4.759832e+00	2.699852e-02	8.596954e-05	7.077038e-06	1.520114e-02	-7.549701e+05	-1.150417e+04	6.681366e-07	2.310705e-01	-4.328778e+00	-1.455211e+05
3.144435e-01	2.143934e-01	4.759848e+00	-2.509521e-02	-1.231046e-04	6.866075e-06	1.568146e-02	-8.184188e+05	-1.289998e+04	-2.232500e-02	-4.055145e-02	-1.430180e+00	1.224284e+05
3.144788e-01	2.144174e-01	4.759872e+00	-5.137363e-02	4.166162e-05	-1.427019e-05	1.528277e-02	-7.475327e+05	-1.115475e+04	-1.363514e-08	1.258319e-01	4.222102e-01	-3.937985e+04
3.145140e-01	2.144415e-01	4.759896e+00	1.517795e-02	5.638626e-05	1.211621e-05	1.529084e-02	-7.672940e+05	-1.202889e+04	9.100062e-06	2.961228e-01	-2.173207e+00	-7.259438e+04
3.145492e-01	2.144655e-01	4.759920e+00	-3.897940e-02	-1.238052e-04	3.340907e-06	1.587131e-02	-8.188041e+05	-1.236300e+04	-1.162584e-02	7.845426e-02	-2.326627e+00	1.293020e+05
3.145844e-01	2.144895e-01	4.759944e+00	-3.563407e-02	7.196298e-05	-1.838974e-05	1.489404e-02	-7.355052e+05	-1.208685e+04	-3.899201e-04	9.242176e-02	1.070579e+00	-9.916107e+04
3.146373e-01	2.145255e-01	4.759981e+00	1.902676e-03	-6.861781e-06	1.781142e-05	1.555296e-02	-7.899158e+05	-1.192534e+04	-5.752372e-08	3.187396e-01	5.873158e-01	2.269141e+04
3.146901e-01	2.145616e-01	4.760017e+00	-4.251541e-02	-7.272677e-05	-5.523419e-06	1.618961e-02	-7.857423e+05	-1.026239e+04	4.958521e-06	9.997408e-02	-1.276476e+00	6.331937e+04
3.147430e-01	2.145976e-01	4.760053e+00	-2.208912e-02	8.753800e-05	-1.265908e-05	1.488116e-02	-7.379366e+05	-1.281809e+04	4.831236e-09	4.346700e-03	1.289567e-01	-1.126033e+05
3.147958e-01	2.146336e-01	4.760089e+00	-4.580004e-03	-5.576441e-05	2.212519e-05	1.553269e-02	-8.124101e+05	-1.280883e+04	-5.487724e-06	3.268576e-01	1.831006e+00	8.344422e+04
3.148751e-01	2.146877e-01	4.760143e+00	-4.221788e-02	-1.608236e-06	-1.859354e-05	1.593858e-02	-7.567436e+05	-9.615628e+03	-2.466986e-07	2.254002e-01	4.502936e-01	-1.944939e+04
3.149544e-01	2.147417e-01	4.760197e+00	-1.455917e-02	6.309313e-05	-2.359543e-06	1.556981e-02	-7.554211e+05	-1.207004e+04	-1.683511e-06	7.041680e-03	-5.163914e-01	-6.197789e+04
3.150336e-01	2.147958e-01	4.760251e+00	-1.289988e-02	-7.805687e-05	1.874289e-05	1.577168e-02	-8.151154e+05	-1.286928e+04	-1.127027e-02	5.644888e-01	1.170004e+00	9.762356e+04
3.151129e-01	2.148498e-01	4.760305e+00	-4.239495e-02	3.564925e-05	-2.623395e-05	1.528224e-02	-7.425452e+05	-1.077075e+04	-3.988680e-08	2.829344e-01	1.827325e+00	-6.968825e+04
3.152318e-01	2.149309e-01	4.760386e+00	-7.581223e-03	1.963708e-05	1.105134e-05	1.621573e-02	-7.823148e+05	-1.100189e+04	-5.312468e-07	1.577342e-01	1.940431e-01	9.915389e+03
3.153507e-01	2.150119e-01	4.760467e+00	-2.377956e-02	-4.344899e-05	4.990039e-06	1.674133e-02	-7.888739e+05	-1.070822e+04	-4.612986e-06	1.157493e-03	2.736680e-02	5.026992e+04
3.154696e-01	2.150930e-01	4.760548e+00	-3.709027e-02	5.203169e-05	-2.357811e-05	1.520320e-02	-7.420481e+05	-1.219385e+04	-2.130757e-05	1.842833e-01	1.705292e+00	-8.283550e+04
3.155290e-01	2.151335e-01	4.760589e+00	5.342823e-03	-1.531030e-05	2.717079e-05	1.532706e-02	-8.092595e+05	-1.375677e+04	-2.325034e-05	7.792300e-01	2.439121e+00	5.886187e+04
3.155885e-01	2.151741e-01	4.760629e+00	-4.590775e-02	-3.913307e-05	-1.747058e-05	1.624934e-02	-7.641628e+05	-9.329535e+03	-2.316621e-06	3.498357e-01	-1.786720e-02	-1.006544e+02
3.156479e-01	2.152146e-01	4.760670e+00	-2.123624e-02	6.334471e-05	-1.079090e-05	1.534055e-02	-7.546434e+05	-1.308523e+04	-1.839555e-04	2.605266e-02	2.461969e-01	-6.459979e+04
3.157074e-01	2.152551e-01	4.760710e+00	-1.778612e-03	-4.192227e-05	2.721479e-05	1.554890e-02	-8.157186e+05	-1.361028e+04	-6.839271e-03	9.058303e-01	2.566611e+00	8.133633e+04
3.157966e-01	2.153159e-01	4.760771e+00	-4.643545e-02	5.189736e-06	-2.847218e-05	1.579354e-02	-7.488903e+05	-9.751244e+03	-4.240501e-06	4.477875e-01	1.653034e+00	-4.938818e+04
3.158857e-01	2.153767e-01	4.760832e+00	-1.247693e-02	4.506268e-05	2.057658e-06	1.593370e-02	-7.730586e+05	-1.256329e+04	-2.175511e-09	5.414057e-02	-2.105728e-01	-1.934524e+04
3.159749e-01	2.154375e-01	4.760893e+00	-1.331614e-02	-5.517298e-05	1.933986e-05	1.628112e-02	-8.025021e+05	-1.209701e+04	-1.336146e-04	1.631452e-01	1.439201e+00	6.883281e+04
3.160641e-01	2.154983e-01	4.760953e+00	-4.647846e-02	2.963218e-05	-3.463143e-05	1.527000e-02	-7.423011e+05	-1.116786e+04	-1.432365e-03	4.922663e-01	2.831921e+00	-7.703452e+04
3.161979e-01	2.155896e-01	4.761045e+00	-4.308094e-03	1.021304e-05	1.704046e-05	1.624174e-02	-7.972005e+05	-1.208144e+04	-2.384331e-08	3.418155e-01	1.023220e+00	3.675842e+04
3.163316e-01	2.156808e-01	4.761136e+00	-2.443980e-02	-1.757989e-05	1.657811e-06	1.756214e-02	-7.816151e+05	-9.998553e+03	-2.551291e-05	1.866364e-03	2.597205e-02	2.269974e+04
3.164654e-01	2.157720e-01	4.761227e+00	-3.937521e-02	4.257912e-05	-2.934060e-05	1.587290e-02	-7.472084e+05	-1.209707e+04	-1.467240e-05	2.706807e-01	2.116417e+00	-7.318633e+04
3.165992e-01	2.158632e-01	4.761318e+00	-5.986106e-05	-2.857264e-05	2.720855e-05	1.551068e-02	-8.133695e+05	-1.332937e+04	-1.748843e-04	6.757574e-01	2.778745e+00	7.048918e+04
3.167998e-01	2.160000e-01	4.761455e+00	-3.726357e-02	1.931837e-05	-2.143298e-05	1.833875e-02	-7.598529e+05	-8.045027e+03	-3.097593e-07	2.012033e-01	6.952020e-01	-3.326145e+04
