TIME	X	Y	Z	ROTX	ROTY	ROTZ	FX	FY	FZ	MX	MY	MZ
0.000000e+00	4.545455e+00	0.000000e+00	0.000000e+00	0.000000e+00	0.000000e+00	0.000000e+00	0.000000e+00	0.000000e+00	0.000000e+00	0.000000e+00	0.000000e+00	0.000000e+00
5.000000e-04	4.545796e+00	3.409093e-04	-7.534475e-08	-1.449584e-14	-2.429034e-10	-2.499684e-05	1.303412e-01	-7.055871e+01	3.582427e-09	1.267784e-08	-1.180146e-09	1.633368e-01
1.000000e-03	4.546137e+00	6.818185e-04	9.994903e-08	-5.827061e-14	-1.186706e-09	-4.998410e-05	-1.806277e-01	-1.413031e+02	4.236289e-09	2.065013e-08	-6.775355e-09	-2.138874e-01
1.500000e-03	4.546478e+00	1.022728e-03	-5.740659e-08	-1.162148e-13	-3.048053e-09	-7.496658e-05	8.501651e-02	-2.122705e+02	2.030500e-09	8.109945e-09	6.022488e-09	1.243108e-01
2.000000e-03	4.546819e+00	1.363637e-03	-2.345870e-08	-2.705400e-13	-5.600651e-09	-9.993993e-05	1.019965e-02	-2.834251e+02	2.300078e-09	2.804020e-09	3.776630e-09	4.747786e-02
2.750000e-03	4.547330e+00	1.875001e-03	6.403913e-08	-7.166007e-13	-1.018699e-08	-1.373855e-04	-1.637954e-01	-3.905339e+02	-4.478754e-10	7.641079e-09	-7.055114e-09	-1.356258e-01
3.500000e-03	4.547841e+00	2.386365e-03	-6.166376e-08	-1.381845e-12	-1.561372e-08	-1.748158e-04	2.109843e-02	-4.981193e+02	-2.768175e-10	7.237239e-09	-1.036008e-08	1.333458e-01
4.250000e-03	4.548353e+00	2.897729e-03	1.817814e-08	-2.309076e-12	-2.171211e-08	-2.122274e-04	-1.630109e-01	-6.061492e+02	2.205353e-10	6.779106e-10	-5.848885e-09	-4.215838e-02
5.000000e-03	4.548864e+00	3.409092e-03	3.716551e-08	-3.534402e-12	-2.821600e-08	-2.496222e-04	-2.412249e-01	-7.146497e+02	2.163040e-10	2.518186e-09	8.139069e-10	-7.713781e-02
5.562500e-03	4.549248e+00	3.792615e-03	-8.162634e-08	-4.802560e-12	-3.434844e-08	-2.776583e-04	-7.840771e-02	-7.963445e+02	3.262615e-06	2.999385e-07	7.503449e-06	1.761934e-01
6.125000e-03	4.549631e+00	4.176138e-03	7.126594e-08	-6.628941e-12	-4.315886e-08	-3.056824e-04	-3.969493e-01	-8.782789e+02	3.226221e-06	2.930730e-07	7.419110e-06	-1.577591e-01
6.687500e-03	4.550015e+00	4.559661e-03	-1.327073e-08	-9.275071e-12	-5.545539e-08	-3.336988e-04	-2.933422e-01	-9.605024e+02	3.188560e-06	2.793885e-07	7.345252e-06	3.413625e-02
7.250000e-03	4.550398e+00	4.943184e-03	-5.333273e-08	-1.288547e-11	-7.099006e-08	-3.617052e-04	-2.868506e-01	-1.042989e+03	3.144046e-06	2.796527e-07	7.231290e-06	1.122538e-01
8.093750e-03	4.550973e+00	5.518468e-03	6.775127e-08	-3.202928e-11	-1.623822e-07	-4.036950e-04	-5.918478e-01	-1.167206e+03	-3.583701e-07	9.363016e-08	7.303531e-07	-1.474888e-01
8.937500e-03	4.551549e+00	6.093753e-03	-3.693436e-08	-9.132868e-11	-4.124486e-07	-4.456651e-04	-5.086528e-01	-1.292057e+03	-4.113129e-07	8.991188e-08	8.527812e-07	8.435574e-02
9.781250e-03	4.552124e+00	6.669037e-03	-1.827374e-08	-2.190582e-10	-8.988531e-07	-4.876130e-04	-6.645364e-01	-1.417511e+03	-4.685187e-07	9.084326e-08	9.693188e-07	3.496760e-02
1.062500e-02	4.552699e+00	7.244322e-03	6.092503e-08	-4.368199e-10	-1.646458e-06	-5.295388e-04	-9.258925e-01	-1.543578e+03	-5.323988e-07	1.003152e-07	1.103760e-06	-1.310325e-01
1.125781e-02	4.553131e+00	7.675785e-03	-7.012468e-08	-6.941956e-10	-2.463620e-06	-5.609710e-04	-7.943010e-01	-1.638559e+03	4.003339e-05	3.382369e-06	1.255092e-04	1.571599e-01
1.189063e-02	4.553562e+00	8.107248e-03	3.242899e-08	-1.076210e-09	-3.615844e-06	-5.923896e-04	-1.093928e+00	-1.733868e+03	3.987520e-05	3.345716e-06	1.254634e-04	-7.847376e-02
1.252344e-02	4.553994e+00	8.538711e-03	2.673281e-08	-1.585041e-09	-5.055196e-06	-6.237973e-04	-1.187467e+00	-1.829545e+03	-5.999924e-08	-4.532031e-09	1.470953e-07	-5.249458e-02
1.315625e-02	4.554425e+00	8.970175e-03	-6.772459e-08	-2.220378e-09	-6.740465e-06	-6.551942e-04	-1.145389e+00	-1.925591e+03	3.962403e-05	3.299013e-06	1.253087e-04	1.484964e-01
1.363086e-02	4.554749e+00	9.293772e-03	6.931553e-08	-2.768887e-09	-8.112594e-06	-6.787323e-04	-1.491271e+00	-1.997836e+03	1.458208e-09	1.400957e-08	-3.521774e-09	-1.609493e-01
1.410547e-02	4.555072e+00	9.617370e-03	-2.440439e-08	-3.374886e-09	-9.554447e-06	-7.022658e-04	-1.405467e+00	-2.070315e+03	9.324530e-10	5.644387e-09	-2.806590e-09	6.608983e-02
1.458008e-02	4.555396e+00	9.940967e-03	-3.669271e-08	-4.015184e-09	-1.099649e-05	-7.257917e-04	-1.502035e+00	-2.142986e+03	-9.884084e-10	6.581191e-09	-5.534189e-09	7.283916e-02
1.505469e-02	4.555720e+00	1.026456e-02	7.292707e-08	-4.689869e-09	-1.243921e-05	-7.493097e-04	-1.799075e+00	-2.215848e+03	5.740744e-10	1.467369e-08	-4.800057e-09	-1.631967e-01
1.576660e-02	4.556205e+00	1.074996e-02	-5.623064e-08	-5.767301e-09	-1.460411e-05	-7.845766e-04	-1.724170e+00	-2.325566e+03	7.667634e-10	6.579011e-09	-1.171659e-08	1.327533e-01
1.647852e-02	4.556690e+00	1.123536e-02	2.116955e-09	-6.921960e-09	-1.676983e-05	-8.198266e-04	-2.016414e+00	-2.435727e+03	2.222626e-10	2.720467e-11	-7.576617e-10	-1.379763e-02
1.719043e-02	4.557176e+00	1.172075e-02	5.308658e-08	-8.154968e-09	-1.893757e-05	-8.550609e-04	-2.279514e+00	-2.546360e+03	-2.019144e-09	5.325793e-09	-1.812512e-09	-1.143576e-01
1.790234e-02	4.557661e+00	1.220615e-02	-7.254101e-08	-9.466435e-09	-2.110607e-05	-8.902815e-04	-2.241782e+00	-2.657491e+03	-7.590956e-10	1.058746e-08	-4.662700e-09	1.662650e-01
1.843628e-02	4.558025e+00	1.257020e-02	4.190240e-08	-1.050062e-08	-2.273350e-05	-9.166850e-04	-2.610577e+00	-2.741123e+03	1.464676e-07	1.645350e-08	3.355808e-07	-1.061373e-01
1.897021e-02	4.558389e+00	1.293424e-02	1.664815e-08	-1.157975e-08	-2.436232e-05	-9.430810e-04	-2.697104e+00	-2.825046e+03	1.447359e-07	1.264149e-08	3.344298e-07	-2.476328e-02
1.950415e-02	4.558753e+00	1.329829e-02	-6.378216e-08	-1.270323e-08	-2.599199e-05	-9.694688e-04	-2.721515e+00	-2.909247e+03	1.425474e-07	1.977454e-08	3.205744e-07	1.391510e-01
2.003809e-02	4.559117e+00	1.366234e-02	6.799786e-08	-1.387027e-08	-2.762321e-05	-9.958458e-04	-3.126757e+00	-2.993689e+03	1.348950e-07	2.132215e-08	3.105638e-07	-1.607514e-01
2.083899e-02	4.559663e+00	1.420841e-02	-3.283914e-08	-1.570688e-08	-3.007478e-05	-1.035398e-03	-3.178826e+00	-3.120914e+03	-2.308273e-08	3.709384e-09	4.674020e-08	8.583180e-02
2.163989e-02	4.560209e+00	1.475448e-02	-2.396243e-08	-1.764562e-08	-3.253365e-05	-1.074930e-03	-3.473779e+00	-3.248742e+03	-2.507822e-08	2.189259e-09	5.784015e-08	4.631318e-02
2.244080e-02	4.560756e+00	1.530055e-02	6.440537e-08	-1.968987e-08	-3.500464e-05	-1.114440e-03	-3.904746e+00	-3.377185e+03	-2.824495e-08	9.590951e-09	5.009344e-08	-1.475815e-01
2.324170e-02	4.561302e+00	1.584662e-02	-6.164912e-08	-2.184187e-08	-3.748730e-05	-1.153933e-03	-3.947881e+00	-3.506294e+03	-3.272619e-08	9.287132e-09	6.109409e-08	1.504512e-01
2.384238e-02	4.561711e+00	1.625617e-02	1.012254e-08	-2.353067e-08	-3.936649e-05	-1.183539e-03	-4.320921e+00	-3.603516e+03	2.009823e-05	1.598951e-06	4.811962e-05	-3.723791e-02
2.444305e-02	4.562121e+00	1.666573e-02	4.790078e-08	-2.529462e-08	-4.127498e-05	-1.213133e-03	-4.599487e+00	-3.701105e+03	1.995225e-05	1.585524e-06	4.779001e-05	-1.007812e-01
2.504373e-02	4.562530e+00	1.707528e-02	-7.360378e-08	-2.714102e-08	-4.322104e-05	-1.242718e-03	-4.612070e+00	-3.799082e+03	1.977651e-05	1.573088e-06	4.738166e-05	1.716353e-01
2.564441e-02	4.562940e+00	1.748483e-02	4.997928e-08	-2.906883e-08	-4.520515e-05	-1.272290e-03	-5.094699e+00	-3.897381e+03	1.961464e-05	1.549360e-06	4.704103e-05	-1.280137e-01
2.609492e-02	4.563247e+00	1.779200e-02	2.031357e-08	-3.056707e-08	-4.671146e-05	-1.294462e-03	-5.198926e+00	-3.971370e+03	-4.847962e-09	1.106629e-08	1.730865e-08	-2.970541e-02
2.654543e-02	4.563554e+00	1.809916e-02	-7.668459e-08	-3.210328e-08	-4.822269e-05	-1.316629e-03	-5.226592e+00	-4.045575e+03	-3.434462e-09	2.184368e-08	7.262387e-09	1.676205e-01
2.699593e-02	4.563861e+00	1.840633e-02	8.135156e-08	-3.367075e-08	-4.973254e-05	-1.338786e-03	-5.710649e+00	-4.119944e+03	-6.242970e-09	2.441220e-08	2.674966e-09	-1.937605e-01
2.744644e-02	4.564168e+00	1.871349e-02	-3.138954e-08	-3.527398e-08	-5.124097e-05	-1.360940e-03	-5.674881e+00	-4.194573e+03	-5.997945e-09	1.307784e-08	1.365117e-08	9.068454e-02
2.812220e-02	4.564629e+00	1.917424e-02	-1.933662e-08	-3.773984e-08	-5.350154e-05	-1.394158e-03	-6.024412e+00	-4.306873e+03	-5.343994e-05	-5.538811e-06	1.221935e-04	2.839450e-02
2.879797e-02	4.565090e+00	1.963499e-02	5.685127e-08	-4.028240e-08	-5.576232e-05	-1.427360e-03	-6.458883e+00	-4.419640e+03	-5.451022e-05	-5.661448e-06	1.246501e-04	-1.286082e-01
2.947373e-02	4.565551e+00	2.009573e-02	-5.618958e-08	-4.290461e-08	-5.802405e-05	-1.460549e-03	-6.554353e+00	-4.532921e+03	-5.506102e-05	-5.735903e-06	1.259214e-04	1.429776e-01
3.014949e-02	4.566011e+00	2.055648e-02	1.802747e-08	-4.560264e-08	-6.028691e-05	-1.493722e-03	-7.044488e+00	-4.646647e+03	-5.626637e-05	-5.885888e-06	1.287060e-04	-6.211265e-02
3.065631e-02	4.566357e+00	2.090204e-02	4.657950e-08	-4.767837e-08	-6.198535e-05	-1.518593e-03	-7.318832e+00	-4.732268e+03	2.552648e-09	5.106842e-09	1.857250e-09	-9.410571e-02
3.116313e-02	4.566703e+00	2.124760e-02	-7.968448e-08	-4.979963e-08	-6.368442e-05	-1.543457e-03	-7.343832e+00	-4.818193e+03	-6.332790e-10	1.439920e-08	-9.450222e-09	1.875424e-01
3.166996e-02	4.567048e+00	2.159316e-02	5.926281e-08	-5.196224e-08	-6.538477e-05	-1.568310e-03	-7.880095e+00	-4.904340e+03	2.159688e-09	9.372349e-09	-3.803717e-09	-1.559233e-01
3.217678e-02	4.567394e+00	2.193872e-02	7.604951e-10	-5.417207e-08	-6.708644e-05	-1.593157e-03	-8.000002e+00	-4.990808e+03	1.231224e-09	1.245491e-09	2.110936e-09	2.033222e-02
3.293701e-02	4.567912e+00	2.245706e-02	-4.015538e-08	-5.756823e-08	-6.963980e-05	-1.630412e-03	-8.353764e+00	-5.121019e+03	-2.112675e-09	2.831656e-09	-4.742017e-09	8.136071e-02
3.369724e-02	4.568430e+00	2.297540e-02	5.250515e-08	-6.106295e-08	-7.219548e-05	-1.667647e-03	-8.938098e+00	-5.251836e+03	-1.222631e-09	5.868651e-09	-2.953115e-09	-1.288078e-01
3.445747e-02	4.568949e+00	2.349374e-02	-2.975544e-08	-6.465977e-08	-7.475287e-05	-1.704865e-03	-9.185595e+00	-5.383330e+03	-5.053539e-10	2.264668e-09	1.786018e-09	9.037453e-02
3.521771e-02	4.569467e+00	2.401208e-02	-1.267802e-08	-6.835404e-08	-7.731126e-05	-1.742064e-03	-9.688261e+00	-5.515441e+03	-2.701770e-09	-2.512419e-11	7.621052e-09	8.313963e-03
3.578788e-02	4.569856e+00	2.440084e-02	5.902820e-08	-7.119103e-08	-7.923251e-05	-1.769949e-03	-1.013747e+01	-5.614940e+03	2.731684e-06	2.105134e-07	6.387942e-06	-1.334275e-01
3.635806e-02	4.570245e+00	2.478959e-02	-6.565832e-08	-7.408885e-08	-8.115666e-05	-1.797827e-03	-1.023279e+01	-5.714848e+03	2.682509e-06	2.091173e-07	6.281110e-06	1.695766e-01
3.692823e-02	4.570633e+00	2.517835e-02	2.835158e-08	-7.704232e-08	-8.308485e-05	-1.825692e-03	-1.079229e+01	-5.815072e+03	2.639373e-06	1.976079e-07	6.185452e-06	-9.265124e-02
3.749840e-02	4.571022e+00	2.556711e-02	2.771335e-08	-8.005748e-08	-8.501733e-05	-1.853547e-03	-1.110797e+01	-5.915694e+03	2.595626e-06	1.927125e-07	6.089288e-06	-4.604721e-02
3.792603e-02	4.571314e+00	2.585867e-02	-8.042408e-08	-8.235861e-08	-8.646849e-05	-1.874433e-03	-1.118195e+01	-5.991427e+03	1.003997e-09	1.379673e-08	-1.463089e-08	1.951538e-01
3.835367e-02	4.571605e+00	2.615024e-02	7.890226e-08	-8.468801e-08	-8.792102e-05	-1.895309e-03	-1.178635e+01	-6.067307e+03	-7.325267e-10	1.483485e-08	-1.446976e-08	-2.141171e-01
3.878130e-02	4.571897e+00	2.644181e-02	-2.440016e-08	-8.705458e-08	-8.937437e-05	-1.916183e-03	-1.181636e+01	-6.143468e+03	1.812008e-10	1.940271e-09	-2.765232e-09	9.029354e-02
3.920893e-02	4.572188e+00	2.673337e-02	-4.624903e-08	-8.945091e-08	-9.082807e-05	-1.937050e-03	-1.209381e+01	-6.219814e+03	-7.232799e-10	3.799375e-09	-3.125863e-09	9.374172e-02
3.985037e-02	4.572626e+00	2.717072e-02	6.728853e-08	-9.336960e-08	-9.327568e-05	-1.968339e-03	-1.273003e+01	-6.334704e+03	2.496255e-05	1.080673e-06	1.587012e-04	-1.643369e-01
4.049182e-02	4.573063e+00	2.760807e-02	-4.326703e-08	-9.773358e-08	-9.607856e-05	-1.999620e-03	-1.293093e+01	-6.450135e+03	-3.249323e-07	-3.100224e-08	7.534809e-07	1.253704e-01
4.113327e-02	4.573500e+00	2.804542e-02	-9.504549e-09	-1.024605e-07	-9.914784e-05	-2.030889e-03	-1.347862e+01	-6.566012e+03	-3.288001e-07	-3.629801e-08	7.656580e-07	-2.804808e-03
4.177471e-02	4.573938e+00	2.848277e-02	5.561766e-08	-1.072894e-07	-1.022193e-04	-2.062143e-03	-1.402712e+01	-6.682377e+03	-3.348727e-07	-3.078530e-08	7.656502e-07	-1.216309e-01
4.225580e-02	4.574266e+00	2.881078e-02	-7.342457e-08	-1.109806e-07	-1.045236e-04	-2.085577e-03	-1.411721e+01	-6.77002